Number of measurement points: 1864
Sample Rate (Hz): 40
Low limit Ch0 (V): -10
Upper limit Ch0 (V): 10
Low limit Ch1 (V): -10
Upper limit Ch1 (V): 10

Index	Time[s]	Ch0[V]	Ch1[V]
0	0	-0.062356875743717	-0.260966361500323
1	0.025	-0.062356875743717	-0.25967668951489
2	0.05	-0.062356875743717	-0.25967668951489
3	0.075	-0.0610672037582844	-0.25967668951489
4	0.1	-0.062356875743717	-0.25967668951489
5	0.125	-0.0610672037582844	-0.25967668951489
6	0.15	-0.0610672037582844	-0.25967668951489
7	0.175	-0.0610672037582844	-0.25967668951489
8	0.2	-0.0610672037582844	-0.25967668951489
9	0.225	-0.0610672037582844	-0.25967668951489
10	0.25	-0.0610672037582844	-0.25967668951489
11	0.275	-0.0610672037582844	-0.25967668951489
12	0.3	-0.0597775317728519	-0.25967668951489
13	0.325	-0.0610672037582844	-0.25967668951489
14	0.35	-0.0610672037582844	-0.25967668951489
15	0.375	-0.0610672037582844	-0.25967668951489
16	0.4	-0.0597775317728519	-0.25967668951489
17	0.425	-0.0584878597874194	-0.25967668951489
18	0.45	-0.0610672037582844	-0.25967668951489
19	0.475	-0.0610672037582844	-0.25967668951489
20	0.5	-0.062356875743717	-0.25967668951489
21	0.525	-0.062356875743717	-0.25967668951489
22	0.55	-0.0610672037582844	-0.25967668951489
23	0.575	-0.0597775317728519	-0.25967668951489
24	0.6	-0.0571981878019869	-0.25967668951489
25	0.625	-0.0571981878019869	-0.25967668951489
26	0.65	-0.0597775317728519	-0.25967668951489
27	0.675	-0.0597775317728519	-0.25967668951489
28	0.7	-0.0597775317728519	-0.25967668951489
29	0.725	-0.0584878597874194	-0.25967668951489
30	0.75	-0.0597775317728519	-0.260966361500323
31	0.775	-0.0597775317728519	-0.25967668951489
32	0.8	-0.0597775317728519	-0.260966361500323
33	0.825	-0.0584878597874194	-0.25967668951489
34	0.85	-0.0636465477291495	-0.25967668951489
35	0.875	-0.0610672037582844	-0.25967668951489
36	0.9	-0.062356875743717	-0.25967668951489
37	0.925	-0.0584878597874194	-0.25967668951489
38	0.95	-0.0571981878019869	-0.25967668951489
39	0.975	-0.0610672037582844	-0.25967668951489
40	1	-0.0597775317728519	-0.25967668951489
41	1.025	-0.0597775317728519	-0.25967668951489
42	1.05	-0.0584878597874194	-0.25967668951489
43	1.075	-0.0597775317728519	-0.25967668951489
44	1.1	-0.062356875743717	-0.25967668951489
45	1.125	-0.0610672037582844	-0.25967668951489
46	1.15	-0.0584878597874194	-0.25967668951489
47	1.175	-0.0597775317728519	-0.25967668951489
48	1.2	-0.0584878597874194	-0.25967668951489
49	1.225	-0.062356875743717	-0.25967668951489
50	1.25	-0.0597775317728519	-0.25967668951489
51	1.275	-0.0597775317728519	-0.258387017529458
52	1.3	-0.0610672037582844	-0.25967668951489
53	1.325	-0.0597775317728519	-0.25967668951489
54	1.35	-0.0597775317728519	-0.25967668951489
55	1.375	-0.0597775317728519	-0.25967668951489
56	1.4	-0.0610672037582844	-0.260966361500323
57	1.425	-0.0584878597874194	-0.25967668951489
58	1.45	-0.0597775317728519	-0.25967668951489
59	1.475	-0.0597775317728519	-0.25967668951489
60	1.5	-0.062356875743717	-0.25967668951489
61	1.525	-0.0584878597874194	-0.25967668951489
62	1.55	-0.0597775317728519	-0.25967668951489
63	1.575	-0.0597775317728519	-0.25967668951489
64	1.6	-0.0597775317728519	-0.25967668951489
65	1.625	-0.0610672037582844	-0.25967668951489
66	1.65	-0.0610672037582844	-0.25967668951489
67	1.675	-0.0597775317728519	-0.25967668951489
68	1.7	-0.0597775317728519	-0.25967668951489
69	1.725	-0.0597775317728519	-0.25967668951489
70	1.75	-0.0610672037582844	-0.25967668951489
71	1.775	-0.0597775317728519	-0.25967668951489
72	1.8	-0.0610672037582844	-0.25967668951489
73	1.825	-0.0597775317728519	-0.25967668951489
74	1.85	-0.0610672037582844	-0.25967668951489
75	1.875	-0.0610672037582844	-0.25967668951489
76	1.9	-0.0610672037582844	-0.25967668951489
77	1.925	-0.0597775317728519	-0.25967668951489
78	1.95	-0.0610672037582844	-0.25967668951489
79	1.975	-0.0610672037582844	-0.25967668951489
80	2	-0.0584878597874194	-0.25967668951489
81	2.025	-0.0597775317728519	-0.25967668951489
82	2.05	-0.0597775317728519	-0.25967668951489
83	2.075	-0.0610672037582844	-0.25967668951489
84	2.1	-0.0597775317728519	-0.25967668951489
85	2.125	-0.0610672037582844	-0.25967668951489
86	2.15	-0.0610672037582844	-0.25967668951489
87	2.175	-0.0597775317728519	-0.25967668951489
88	2.2	-0.0584878597874194	-0.25967668951489
89	2.225	-0.0597775317728519	-0.25967668951489
90	2.25	-0.0584878597874194	-0.25967668951489
91	2.275	-0.0610672037582844	-0.25967668951489
92	2.3	-0.062356875743717	-0.25967668951489
93	2.325	-0.0610672037582844	-0.25967668951489
94	2.35	-0.0597775317728519	-0.25967668951489
95	2.375	-0.0584878597874194	-0.25967668951489
96	2.4	-0.0584878597874194	-0.25967668951489
97	2.425	-0.0610672037582844	-0.25967668951489
98	2.45	-0.0584878597874194	-0.25967668951489
99	2.475	-0.062356875743717	-0.25967668951489
100	2.5	-0.062356875743717	-0.25967668951489
101	2.525	-0.062356875743717	-0.25967668951489
102	2.55	-0.0597775317728519	-0.25967668951489
103	2.575	-0.062356875743717	-0.25967668951489
104	2.6	-0.0610672037582844	-0.25967668951489
105	2.625	-0.0610672037582844	-0.25967668951489
106	2.65	-0.0584878597874194	-0.25967668951489
107	2.675	-0.0571981878019869	-0.25967668951489
108	2.7	-0.0597775317728519	-0.25967668951489
109	2.725	-0.0597775317728519	-0.25967668951489
110	2.75	-0.0584878597874194	-0.25967668951489
111	2.775	-0.0610672037582844	-0.25967668951489
112	2.8	-0.0597775317728519	-0.25967668951489
113	2.825	-0.062356875743717	-0.25967668951489
114	2.85	-0.0610672037582844	-0.25967668951489
115	2.875	-0.062356875743717	-0.25967668951489
116	2.9	-0.0597775317728519	-0.25967668951489
117	2.925	-0.0597775317728519	-0.25967668951489
118	2.95	-0.0636465477291495	-0.25967668951489
119	2.975	-0.0584878597874194	-0.25967668951489
120	3	-0.0584878597874194	-0.25967668951489
121	3.025	-0.0597775317728519	-0.25967668951489
122	3.05	-0.0597775317728519	-0.25967668951489
123	3.075	-0.0597775317728519	-0.25967668951489
124	3.1	-0.0571981878019869	-0.25967668951489
125	3.125	-0.0597775317728519	-0.25967668951489
126	3.15	-0.0610672037582844	-0.25967668951489
127	3.175	-0.0584878597874194	-0.25967668951489
128	3.2	-0.0597775317728519	-0.258387017529458
129	3.225	-0.0584878597874194	-0.25967668951489
130	3.25	-0.0597775317728519	-0.258387017529458
131	3.275	-0.062356875743717	-0.258387017529458
132	3.3	-0.0597775317728519	-0.258387017529458
133	3.325	-0.0597775317728519	-0.25967668951489
134	3.35	-0.062356875743717	-0.258387017529458
135	3.375	-0.0597775317728519	-0.25967668951489
136	3.4	-0.0597775317728519	-0.25967668951489
137	3.425	-0.0610672037582844	-0.258387017529458
138	3.45	-0.0610672037582844	-0.258387017529458
139	3.475	-0.0610672037582844	-0.258387017529458
140	3.5	-0.0597775317728519	-0.258387017529458
141	3.525	-0.0610672037582844	-0.258387017529458
142	3.55	-0.0597775317728519	-0.258387017529458
143	3.575	-0.0610672037582844	-0.258387017529458
144	3.6	-0.0597775317728519	-0.258387017529458
145	3.625	-0.0597775317728519	-0.258387017529458
146	3.65	-0.0610672037582844	-0.258387017529458
147	3.675	-0.062356875743717	-0.25967668951489
148	3.7	-0.0610672037582844	-0.258387017529458
149	3.725	-0.0610672037582844	-0.258387017529458
150	3.75	-0.0584878597874194	-0.258387017529458
151	3.775	-0.062356875743717	-0.258387017529458
152	3.8	-0.0610672037582844	-0.25967668951489
153	3.825	-0.0610672037582844	-0.258387017529458
154	3.85	-0.0597775317728519	-0.258387017529458
155	3.875	-0.062356875743717	-0.258387017529458
156	3.9	-0.0610672037582844	-0.258387017529458
157	3.925	-0.0597775317728519	-0.258387017529458
158	3.95	-0.0597775317728519	-0.258387017529458
159	3.975	-0.062356875743717	-0.258387017529458
160	4	-0.0597775317728519	-0.258387017529458
161	4.025	-0.0610672037582844	-0.258387017529458
162	4.05	-0.0584878597874194	-0.25967668951489
163	4.075	-0.062356875743717	-0.258387017529458
164	4.1	-0.0571981878019869	-0.257097345544025
165	4.125	-0.0610672037582844	-0.258387017529458
166	4.15	-0.0610672037582844	-0.258387017529458
167	4.175	-0.062356875743717	-0.258387017529458
168	4.2	-0.062356875743717	-0.258387017529458
169	4.225	-0.062356875743717	-0.258387017529458
170	4.25	-0.0610672037582844	-0.258387017529458
171	4.275	-0.0597775317728519	-0.258387017529458
172	4.3	-0.0597775317728519	-0.258387017529458
173	4.325	-0.0597775317728519	-0.258387017529458
174	4.35	-0.0597775317728519	-0.258387017529458
175	4.375	-0.0597775317728519	-0.258387017529458
176	4.4	-0.0584878597874194	-0.25967668951489
177	4.425	-0.0610672037582844	-0.258387017529458
178	4.45	-0.0597775317728519	-0.258387017529458
179	4.475	-0.0597775317728519	-0.258387017529458
180	4.5	-0.0597775317728519	-0.258387017529458
181	4.525	-0.0610672037582844	-0.258387017529458
182	4.55	-0.0597775317728519	-0.258387017529458
183	4.575	-0.0584878597874194	-0.25967668951489
184	4.6	-0.0597775317728519	-0.258387017529458
185	4.625	-0.0597775317728519	-0.25967668951489
186	4.65	-0.0597775317728519	-0.258387017529458
187	4.675	-0.0597775317728519	-0.258387017529458
188	4.7	-0.0597775317728519	-0.258387017529458
189	4.725	-0.0610672037582844	-0.258387017529458
190	4.75	-0.0597775317728519	-0.258387017529458
191	4.775	-0.0597775317728519	-0.258387017529458
192	4.8	-0.0597775317728519	-0.258387017529458
193	4.825	-0.0610672037582844	-0.258387017529458
194	4.85	-0.0584878597874194	-0.25967668951489
195	4.875	-0.0610672037582844	-0.258387017529458
196	4.9	-0.0584878597874194	-0.258387017529458
197	4.925	-0.0597775317728519	-0.25967668951489
198	4.95	-0.0610672037582844	-0.258387017529458
199	4.975	-0.062356875743717	-0.258387017529458
200	5	-0.0597775317728519	-0.25967668951489
201	5.025	-0.0610672037582844	-0.258387017529458
202	5.05	-0.0610672037582844	-0.258387017529458
203	5.075	-0.0610672037582844	-0.258387017529458
204	5.1	-0.0584878597874194	-0.258387017529458
205	5.125	-0.0610672037582844	-0.258387017529458
206	5.15	-0.0597775317728519	-0.258387017529458
207	5.175	-0.0584878597874194	-0.258387017529458
208	5.2	-0.0584878597874194	-0.258387017529458
209	5.225	-0.0584878597874194	-0.258387017529458
210	5.25	-0.0610672037582844	-0.258387017529458
211	5.275	-0.0610672037582844	-0.25967668951489
212	5.3	-0.0584878597874194	-0.25967668951489
213	5.325	-0.0597775317728519	-0.25967668951489
214	5.35	-0.0610672037582844	-0.25967668951489
215	5.375	-0.0610672037582844	-0.258387017529458
216	5.4	-0.062356875743717	-0.25967668951489
217	5.425	-0.0597775317728519	-0.25967668951489
218	5.45	-0.0610672037582844	-0.258387017529458
219	5.475	-0.062356875743717	-0.258387017529458
220	5.5	-0.0571981878019869	-0.258387017529458
221	5.525	-0.0610672037582844	-0.258387017529458
222	5.55	-0.0584878597874194	-0.258387017529458
223	5.575	-0.0610672037582844	-0.25967668951489
224	5.6	-0.0610672037582844	-0.25967668951489
225	5.625	-0.0610672037582844	-0.258387017529458
226	5.65	-0.0597775317728519	-0.258387017529458
227	5.675	-0.062356875743717	-0.258387017529458
228	5.7	-0.0597775317728519	-0.258387017529458
229	5.725	-0.0636465477291495	-0.258387017529458
230	5.75	-0.0610672037582844	-0.258387017529458
231	5.775	-0.0597775317728519	-0.258387017529458
232	5.8	-0.0610672037582844	-0.25967668951489
233	5.825	-0.0610672037582844	-0.25967668951489
234	5.85	-0.0597775317728519	-0.258387017529458
235	5.875	-0.062356875743717	-0.258387017529458
236	5.9	-0.0584878597874194	-0.258387017529458
237	5.925	-0.062356875743717	-0.258387017529458
238	5.95	-0.0610672037582844	-0.258387017529458
239	5.975	-0.0610672037582844	-0.258387017529458
240	6	-0.0597775317728519	-0.25967668951489
241	6.025	-0.0584878597874194	-0.258387017529458
242	6.05	-0.0597775317728519	-0.258387017529458
243	6.075	-0.0597775317728519	-0.258387017529458
244	6.1	-0.0610672037582844	-0.258387017529458
245	6.125	-0.0610672037582844	-0.258387017529458
246	6.15	-0.0610672037582844	-0.258387017529458
247	6.175	-0.062356875743717	-0.25967668951489
248	6.2	-0.0584878597874194	-0.25967668951489
249	6.225	-0.0610672037582844	-0.258387017529458
250	6.25	-0.0597775317728519	-0.258387017529458
251	6.275	-0.0610672037582844	-0.258387017529458
252	6.3	-0.0584878597874194	-0.258387017529458
253	6.325	-0.062356875743717	-0.258387017529458
254	6.35	-0.062356875743717	-0.258387017529458
255	6.375	-0.0610672037582844	-0.258387017529458
256	6.4	-0.0597775317728519	-0.258387017529458
257	6.425	-0.0610672037582844	-0.25967668951489
258	6.45	-0.0571981878019869	-0.25967668951489
259	6.475	-0.062356875743717	-0.258387017529458
260	6.5	-0.0584878597874194	-0.258387017529458
261	6.525	-0.0610672037582844	-0.258387017529458
262	6.55	-0.0610672037582844	-0.25967668951489
263	6.575	-0.062356875743717	-0.25967668951489
264	6.6	-0.0610672037582844	-0.258387017529458
265	6.625	-0.0571981878019869	-0.258387017529458
266	6.65	-0.062356875743717	-0.25967668951489
267	6.675	-0.0610672037582844	-0.258387017529458
268	6.7	-0.0597775317728519	-0.25967668951489
269	6.725	-0.0610672037582844	-0.258387017529458
270	6.75	-0.0610672037582844	-0.25967668951489
271	6.775	-0.062356875743717	-0.25967668951489
272	6.8	-0.0597775317728519	-0.258387017529458
273	6.825	-0.0610672037582844	-0.258387017529458
274	6.85	-0.0597775317728519	-0.258387017529458
275	6.875	-0.062356875743717	-0.258387017529458
276	6.9	-0.0584878597874194	-0.25967668951489
277	6.925	-0.062356875743717	-0.25967668951489
278	6.95	-0.0597775317728519	-0.258387017529458
279	6.975	-0.0597775317728519	-0.25967668951489
280	7	-0.0610672037582844	-0.258387017529458
281	7.025	-0.0610672037582844	-0.258387017529458
282	7.05	-0.0610672037582844	-0.258387017529458
283	7.075	-0.0636465477291495	-0.25967668951489
284	7.1	-0.0597775317728519	-0.25967668951489
285	7.125	-0.0597775317728519	-0.258387017529458
286	7.15	-0.0610672037582844	-0.258387017529458
287	7.175	-0.0610672037582844	-0.258387017529458
288	7.2	-0.0597775317728519	-0.25967668951489
289	7.225	-0.0597775317728519	-0.25967668951489
290	7.25	-0.0597775317728519	-0.258387017529458
291	7.275	-0.0597775317728519	-0.258387017529458
292	7.3	-0.0584878597874194	-0.258387017529458
293	7.325	-0.0597775317728519	-0.258387017529458
294	7.35	-0.0584878597874194	-0.258387017529458
295	7.375	-0.0597775317728519	-0.258387017529458
296	7.4	-0.0584878597874194	-0.258387017529458
297	7.425	-0.0610672037582844	-0.25967668951489
298	7.45	-0.0597775317728519	-0.258387017529458
299	7.475	-0.0597775317728519	-0.258387017529458
300	7.5	-0.0610672037582844	-0.258387017529458
301	7.525	-0.062356875743717	-0.25967668951489
302	7.55	-0.0584878597874194	-0.25967668951489
303	7.575	-0.0610672037582844	-0.258387017529458
304	7.6	-0.0597775317728519	-0.25967668951489
305	7.625	-0.0610672037582844	-0.258387017529458
306	7.65	-0.0597775317728519	-0.258387017529458
307	7.675	-0.0610672037582844	-0.258387017529458
308	7.7	-0.0584878597874194	-0.258387017529458
309	7.725	-0.0610672037582844	-0.258387017529458
310	7.75	-0.062356875743717	-0.25967668951489
311	7.775	-0.062356875743717	-0.258387017529458
312	7.8	-0.0610672037582844	-0.258387017529458
313	7.825	-0.0597775317728519	-0.258387017529458
314	7.85	-0.0597775317728519	-0.25967668951489
315	7.875	-0.0597775317728519	-0.258387017529458
316	7.9	-0.0597775317728519	-0.25967668951489
317	7.925	-0.0610672037582844	-0.258387017529458
318	7.95	-0.0597775317728519	-0.25967668951489
319	7.975	-0.0597775317728519	-0.258387017529458
320	8	-0.0597775317728519	-0.258387017529458
321	8.025	-0.0610672037582844	-0.25967668951489
322	8.05	-0.0571981878019869	-0.25967668951489
323	8.075	-0.0584878597874194	-0.25967668951489
324	8.1	-0.0610672037582844	-0.25967668951489
325	8.125	-0.062356875743717	-0.258387017529458
326	8.15	-0.0584878597874194	-0.258387017529458
327	8.175	-0.062356875743717	-0.258387017529458
328	8.2	-0.0584878597874194	-0.258387017529458
329	8.225	-0.0610672037582844	-0.258387017529458
330	8.25	-0.0610672037582844	-0.258387017529458
331	8.275	-0.0610672037582844	-0.257097345544025
332	8.3	-0.0571981878019869	-0.258387017529458
333	8.325	-0.0597775317728519	-0.257097345544025
334	8.35	-0.0584878597874194	-0.257097345544025
335	8.375	-0.0597775317728519	-0.257097345544025
336	8.4	-0.0584878597874194	-0.255807673558593
337	8.425	-0.0597775317728519	-0.255807673558593
338	8.45	-0.0571981878019869	-0.25451800157316
339	8.475	-0.0571981878019869	-0.25451800157316
340	8.5	-0.0559085158165544	-0.253228329587728
341	8.525	-0.0584878597874194	-0.25451800157316
342	8.55	-0.0571981878019869	-0.253228329587728
343	8.575	-0.0597775317728519	-0.251938657602295
344	8.6	-0.0571981878019869	-0.250648985616863
345	8.625	-0.0597775317728519	-0.250648985616863
346	8.65	-0.0571981878019869	-0.250648985616863
347	8.675	-0.0571981878019869	-0.24935931363143
348	8.7	-0.0571981878019869	-0.248069641645998
349	8.725	-0.0559085158165544	-0.248069641645998
350	8.75	-0.0559085158165544	-0.246779969660565
351	8.775	-0.0571981878019869	-0.245490297675133
352	8.8	-0.0559085158165544	-0.2442006256897
353	8.825	-0.0597775317728519	-0.2442006256897
354	8.85	-0.0559085158165544	-0.2442006256897
355	8.875	-0.0584878597874194	-0.242910953704268
356	8.9	-0.0584878597874194	-0.241621281718835
357	8.925	-0.0610672037582844	-0.240331609733403
358	8.95	-0.062356875743717	-0.23904193774797
359	8.975	-0.062356875743717	-0.23904193774797
360	9	-0.0597775317728519	-0.237752265762538
361	9.025	-0.0636465477291495	-0.237752265762538
362	9.05	-0.0636465477291495	-0.236462593777105
363	9.075	-0.064936219714582	-0.235172921791673
364	9.1	-0.062356875743717	-0.235172921791673
365	9.125	-0.0688052356708795	-0.23388324980624
366	9.15	-0.064936219714582	-0.232593577820808
367	9.175	-0.067515563685447	-0.232593577820808
368	9.2	-0.0636465477291495	-0.231303905835375
369	9.225	-0.067515563685447	-0.230014233849943
370	9.25	-0.064936219714582	-0.22872456186451
371	9.275	-0.064936219714582	-0.22872456186451
372	9.3	-0.064936219714582	-0.227434889879078
373	9.325	-0.067515563685447	-0.22872456186451
374	9.35	-0.0662258917000145	-0.227434889879078
375	9.375	-0.0636465477291495	-0.226145217893645
376	9.4	-0.064936219714582	-0.226145217893645
377	9.425	-0.0662258917000145	-0.226145217893645
378	9.45	-0.0662258917000145	-0.224855545908213
379	9.475	-0.0636465477291495	-0.224855545908213
380	9.5	-0.0636465477291495	-0.224855545908213
381	9.525	-0.0662258917000145	-0.22356587392278
382	9.55	-0.064936219714582	-0.22356587392278
383	9.575	-0.0636465477291495	-0.22356587392278
384	9.6	-0.064936219714582	-0.22356587392278
385	9.625	-0.064936219714582	-0.22356587392278
386	9.65	-0.0636465477291495	-0.222276201937348
387	9.675	-0.064936219714582	-0.222276201937348
388	9.7	-0.064936219714582	-0.220986529951915
389	9.725	-0.0636465477291495	-0.220986529951915
390	9.75	-0.0636465477291495	-0.220986529951915
391	9.775	-0.0636465477291495	-0.220986529951915
392	9.8	-0.0636465477291495	-0.219696857966483
393	9.825	-0.064936219714582	-0.220986529951915
394	9.85	-0.062356875743717	-0.220986529951915
395	9.875	-0.0636465477291495	-0.219696857966483
396	9.9	-0.0636465477291495	-0.219696857966483
397	9.925	-0.0636465477291495	-0.219696857966483
398	9.95	-0.0636465477291495	-0.219696857966483
399	9.975	-0.064936219714582	-0.219696857966483
400	10	-0.0636465477291495	-0.219696857966483
401	10.025	-0.0636465477291495	-0.219696857966483
402	10.05	-0.0610672037582844	-0.21840718598105
403	10.075	-0.064936219714582	-0.21840718598105
404	10.1	-0.0636465477291495	-0.21840718598105
405	10.125	-0.062356875743717	-0.21840718598105
406	10.15	-0.062356875743717	-0.21840718598105
407	10.175	-0.062356875743717	-0.21840718598105
408	10.2	-0.062356875743717	-0.21840718598105
409	10.225	-0.0636465477291495	-0.21840718598105
410	10.25	-0.0636465477291495	-0.21840718598105
411	10.275	-0.0584878597874194	-0.217117513995618
412	10.3	-0.0610672037582844	-0.217117513995618
413	10.325	-0.0597775317728519	-0.21840718598105
414	10.35	-0.0610672037582844	-0.217117513995618
415	10.375	-0.0597775317728519	-0.217117513995618
416	10.4	-0.0584878597874194	-0.217117513995618
417	10.425	-0.0597775317728519	-0.217117513995618
418	10.45	-0.0610672037582844	-0.217117513995618
419	10.475	-0.0597775317728519	-0.215827842010185
420	10.5	-0.0571981878019869	-0.215827842010185
421	10.525	-0.0546188438311219	-0.215827842010185
422	10.55	-0.0571981878019869	-0.214538170024753
423	10.575	-0.0597775317728519	-0.215827842010185
424	10.6	-0.0584878597874194	-0.214538170024753
425	10.625	-0.0571981878019869	-0.21324849803932
426	10.65	-0.0584878597874194	-0.214538170024753
427	10.675	-0.0584878597874194	-0.21324849803932
428	10.7	-0.0571981878019869	-0.21324849803932
429	10.725	-0.0584878597874194	-0.21324849803932
430	10.75	-0.0584878597874194	-0.21324849803932
431	10.775	-0.0571981878019869	-0.211958826053888
432	10.8	-0.0571981878019869	-0.211958826053888
433	10.825	-0.0584878597874194	-0.211958826053888
434	10.85	-0.0584878597874194	-0.211958826053888
435	10.875	-0.0571981878019869	-0.211958826053888
436	10.9	-0.0559085158165544	-0.210669154068455
437	10.925	-0.0571981878019869	-0.210669154068455
438	10.95	-0.0584878597874194	-0.210669154068455
439	10.975	-0.0571981878019869	-0.210669154068455
440	11	-0.0571981878019869	-0.209379482083023
441	11.025	-0.0584878597874194	-0.209379482083023
442	11.05	-0.0571981878019869	-0.209379482083023
443	11.075	-0.0559085158165544	-0.209379482083023
444	11.1	-0.0571981878019869	-0.209379482083023
445	11.125	-0.0597775317728519	-0.20808981009759
446	11.15	-0.0571981878019869	-0.209379482083023
447	11.175	-0.0571981878019869	-0.20808981009759
448	11.2	-0.0571981878019869	-0.209379482083023
449	11.225	-0.0571981878019869	-0.20808981009759
450	11.25	-0.0597775317728519	-0.20808981009759
451	11.275	-0.0571981878019869	-0.20808981009759
452	11.3	-0.0571981878019869	-0.20808981009759
453	11.325	-0.0597775317728519	-0.20808981009759
454	11.35	-0.0571981878019869	-0.206800138112158
455	11.375	-0.0584878597874194	-0.206800138112158
456	11.4	-0.0584878597874194	-0.206800138112158
457	11.425	-0.0584878597874194	-0.206800138112158
458	11.45	-0.0559085158165544	-0.206800138112158
459	11.475	-0.0571981878019869	-0.206800138112158
460	11.5	-0.0571981878019869	-0.206800138112158
461	11.525	-0.0597775317728519	-0.206800138112158
462	11.55	-0.0571981878019869	-0.206800138112158
463	11.575	-0.0571981878019869	-0.206800138112158
464	11.6	-0.0584878597874194	-0.205510466126725
465	11.625	-0.0584878597874194	-0.205510466126725
466	11.65	-0.0584878597874194	-0.205510466126725
467	11.675	-0.0584878597874194	-0.205510466126725
468	11.7	-0.0584878597874194	-0.205510466126725
469	11.725	-0.0610672037582844	-0.205510466126725
470	11.75	-0.0584878597874194	-0.205510466126725
471	11.775	-0.0584878597874194	-0.204220794141293
472	11.8	-0.0597775317728519	-0.205510466126725
473	11.825	-0.0597775317728519	-0.204220794141293
474	11.85	-0.0610672037582844	-0.204220794141293
475	11.875	-0.0597775317728519	-0.204220794141293
476	11.9	-0.0597775317728519	-0.204220794141293
477	11.925	-0.0636465477291495	-0.204220794141293
478	11.95	-0.0571981878019869	-0.204220794141293
479	11.975	-0.0597775317728519	-0.204220794141293
480	12	-0.0610672037582844	-0.204220794141293
481	12.025	-0.0610672037582844	-0.20293112215586
482	12.05	-0.0610672037582844	-0.20293112215586
483	12.075	-0.0597775317728519	-0.20293112215586
484	12.1	-0.0597775317728519	-0.20293112215586
485	12.125	-0.062356875743717	-0.20293112215586
486	12.15	-0.062356875743717	-0.201641450170428
487	12.175	-0.0610672037582844	-0.20293112215586
488	12.2	-0.062356875743717	-0.201641450170428
489	12.225	-0.0584878597874194	-0.201641450170428
490	12.25	-0.062356875743717	-0.201641450170428
491	12.275	-0.062356875743717	-0.201641450170428
492	12.3	-0.0610672037582844	-0.201641450170428
493	12.325	-0.0610672037582844	-0.201641450170428
494	12.35	-0.0610672037582844	-0.201641450170428
495	12.375	-0.0610672037582844	-0.201641450170428
496	12.4	-0.0610672037582844	-0.200351778184995
497	12.425	-0.062356875743717	-0.200351778184995
498	12.45	-0.0610672037582844	-0.200351778184995
499	12.475	-0.0636465477291495	-0.200351778184995
500	12.5	-0.0610672037582844	-0.200351778184995
501	12.525	-0.062356875743717	-0.200351778184995
502	12.55	-0.0610672037582844	-0.200351778184995
503	12.575	-0.0597775317728519	-0.200351778184995
504	12.6	-0.0597775317728519	-0.200351778184995
505	12.625	-0.062356875743717	-0.200351778184995
506	12.65	-0.062356875743717	-0.200351778184995
507	12.675	-0.0597775317728519	-0.200351778184995
508	12.7	-0.0636465477291495	-0.200351778184995
509	12.725	-0.062356875743717	-0.200351778184995
510	12.75	-0.062356875743717	-0.200351778184995
511	12.775	-0.0610672037582844	-0.199062106199563
512	12.8	-0.0610672037582844	-0.199062106199563
513	12.825	-0.062356875743717	-0.199062106199563
514	12.85	-0.0636465477291495	-0.199062106199563
515	12.875	-0.0610672037582844	-0.199062106199563
516	12.9	-0.0610672037582844	-0.199062106199563
517	12.925	-0.0610672037582844	-0.199062106199563
518	12.95	-0.0636465477291495	-0.19777243421413
519	12.975	-0.062356875743717	-0.19777243421413
520	13	-0.0610672037582844	-0.19777243421413
521	13.025	-0.0610672037582844	-0.19777243421413
522	13.05	-0.0610672037582844	-0.19777243421413
523	13.075	-0.0636465477291495	-0.196482762228698
524	13.1	-0.064936219714582	-0.196482762228698
525	13.125	-0.062356875743717	-0.19777243421413
526	13.15	-0.0636465477291495	-0.196482762228698
527	13.175	-0.0597775317728519	-0.196482762228698
528	13.2	-0.0636465477291495	-0.196482762228698
529	13.225	-0.062356875743717	-0.196482762228698
530	13.25	-0.0636465477291495	-0.196482762228698
531	13.275	-0.062356875743717	-0.196482762228698
532	13.3	-0.0636465477291495	-0.195193090243265
533	13.325	-0.062356875743717	-0.195193090243265
534	13.35	-0.0636465477291495	-0.195193090243265
535	13.375	-0.0610672037582844	-0.195193090243265
536	13.4	-0.0636465477291495	-0.195193090243265
537	13.425	-0.0610672037582844	-0.193903418257833
538	13.45	-0.0636465477291495	-0.195193090243265
539	13.475	-0.062356875743717	-0.193903418257833
540	13.5	-0.062356875743717	-0.193903418257833
541	13.525	-0.062356875743717	-0.193903418257833
542	13.55	-0.0636465477291495	-0.193903418257833
543	13.575	-0.0597775317728519	-0.193903418257833
544	13.6	-0.0636465477291495	-0.193903418257833
545	13.625	-0.0610672037582844	-0.193903418257833
546	13.65	-0.062356875743717	-0.193903418257833
547	13.675	-0.062356875743717	-0.193903418257833
548	13.7	-0.062356875743717	-0.193903418257833
549	13.725	-0.0636465477291495	-0.193903418257833
550	13.75	-0.062356875743717	-0.1926137462724
551	13.775	-0.0636465477291495	-0.193903418257833
552	13.8	-0.062356875743717	-0.1926137462724
553	13.825	-0.0610672037582844	-0.1926137462724
554	13.85	-0.064936219714582	-0.1926137462724
555	13.875	-0.062356875743717	-0.193903418257833
556	13.9	-0.062356875743717	-0.1926137462724
557	13.925	-0.0610672037582844	-0.1926137462724
558	13.95	-0.062356875743717	-0.1926137462724
559	13.975	-0.0610672037582844	-0.191324074286968
560	14	-0.062356875743717	-0.1926137462724
561	14.025	-0.062356875743717	-0.191324074286968
562	14.05	-0.0610672037582844	-0.1926137462724
563	14.075	-0.0610672037582844	-0.191324074286968
564	14.1	-0.0597775317728519	-0.191324074286968
565	14.125	-0.0636465477291495	-0.191324074286968
566	14.15	-0.062356875743717	-0.191324074286968
567	14.175	-0.0610672037582844	-0.191324074286968
568	14.2	-0.0597775317728519	-0.190034402301535
569	14.225	-0.062356875743717	-0.190034402301535
570	14.25	-0.064936219714582	-0.190034402301535
571	14.275	-0.0597775317728519	-0.190034402301535
572	14.3	-0.0610672037582844	-0.190034402301535
573	14.325	-0.0610672037582844	-0.190034402301535
574	14.35	-0.062356875743717	-0.190034402301535
575	14.375	-0.0597775317728519	-0.190034402301535
576	14.4	-0.0597775317728519	-0.188744730316103
577	14.425	-0.0610672037582844	-0.188744730316103
578	14.45	-0.0597775317728519	-0.188744730316103
579	14.475	-0.0597775317728519	-0.188744730316103
580	14.5	-0.0597775317728519	-0.188744730316103
581	14.525	-0.0597775317728519	-0.188744730316103
582	14.55	-0.062356875743717	-0.18745505833067
583	14.575	-0.0610672037582844	-0.188744730316103
584	14.6	-0.0610672037582844	-0.18745505833067
585	14.625	-0.0597775317728519	-0.18745505833067
586	14.65	-0.0610672037582844	-0.18745505833067
587	14.675	-0.0584878597874194	-0.18745505833067
588	14.7	-0.062356875743717	-0.18745505833067
589	14.725	-0.0597775317728519	-0.186165386345237
590	14.75	-0.0597775317728519	-0.18745505833067
591	14.775	-0.0571981878019869	-0.186165386345237
592	14.8	-0.062356875743717	-0.186165386345237
593	14.825	-0.0597775317728519	-0.186165386345237
594	14.85	-0.0610672037582844	-0.18745505833067
595	14.875	-0.0584878597874194	-0.18745505833067
596	14.9	-0.0610672037582844	-0.186165386345237
597	14.925	-0.0584878597874194	-0.186165386345237
598	14.95	-0.0610672037582844	-0.186165386345237
599	14.975	-0.0584878597874194	-0.186165386345237
600	15	-0.0610672037582844	-0.186165386345237
601	15.025	-0.0584878597874194	-0.186165386345237
602	15.05	-0.0610672037582844	-0.186165386345237
603	15.075	-0.0584878597874194	-0.186165386345237
604	15.1	-0.0610672037582844	-0.186165386345237
605	15.125	-0.0610672037582844	-0.184875714359805
606	15.15	-0.062356875743717	-0.186165386345237
607	15.175	-0.0597775317728519	-0.184875714359805
608	15.2	-0.0610672037582844	-0.184875714359805
609	15.225	-0.0610672037582844	-0.184875714359805
610	15.25	-0.0636465477291495	-0.184875714359805
611	15.275	-0.0584878597874194	-0.184875714359805
612	15.3	-0.062356875743717	-0.183586042374372
613	15.325	-0.0584878597874194	-0.184875714359805
614	15.35	-0.064936219714582	-0.184875714359805
615	15.375	-0.064936219714582	-0.183586042374372
616	15.4	-0.0636465477291495	-0.183586042374372
617	15.425	-0.062356875743717	-0.183586042374372
618	15.45	-0.0636465477291495	-0.18229637038894
619	15.475	-0.0636465477291495	-0.18229637038894
620	15.5	-0.062356875743717	-0.18229637038894
621	15.525	-0.0636465477291495	-0.18229637038894
622	15.55	-0.0662258917000145	-0.18229637038894
623	15.575	-0.0636465477291495	-0.18229637038894
624	15.6	-0.0636465477291495	-0.18229637038894
625	15.625	-0.064936219714582	-0.181006698403507
626	15.65	-0.064936219714582	-0.181006698403507
627	15.675	-0.0636465477291495	-0.181006698403507
628	15.7	-0.0636465477291495	-0.181006698403507
629	15.725	-0.064936219714582	-0.179717026418075
630	15.75	-0.064936219714582	-0.181006698403507
631	15.775	-0.0636465477291495	-0.179717026418075
632	15.8	-0.0662258917000145	-0.179717026418075
633	15.825	-0.0636465477291495	-0.179717026418075
634	15.85	-0.064936219714582	-0.179717026418075
635	15.875	-0.0636465477291495	-0.181006698403507
636	15.9	-0.0636465477291495	-0.179717026418075
637	15.925	-0.0636465477291495	-0.179717026418075
638	15.95	-0.0662258917000145	-0.179717026418075
639	15.975	-0.064936219714582	-0.179717026418075
640	16	-0.0662258917000145	-0.179717026418075
641	16.025	-0.0636465477291495	-0.179717026418075
642	16.05	-0.064936219714582	-0.179717026418075
643	16.075	-0.062356875743717	-0.179717026418075
644	16.1	-0.067515563685447	-0.179717026418075
645	16.125	-0.0662258917000145	-0.178427354432642
646	16.15	-0.067515563685447	-0.178427354432642
647	16.175	-0.0688052356708795	-0.178427354432642
648	16.2	-0.0662258917000145	-0.178427354432642
649	16.225	-0.0688052356708795	-0.178427354432642
650	16.25	-0.070094907656312	-0.178427354432642
651	16.275	-0.0688052356708795	-0.17713768244721
652	16.3	-0.067515563685447	-0.17713768244721
653	16.325	-0.0688052356708795	-0.17713768244721
654	16.35	-0.0713845796417445	-0.17713768244721
655	16.375	-0.0688052356708795	-0.17713768244721
656	16.4	-0.070094907656312	-0.17713768244721
657	16.425	-0.0688052356708795	-0.17713768244721
658	16.45	-0.072674251627177	-0.17713768244721
659	16.475	-0.070094907656312	-0.175848010461777
660	16.5	-0.0688052356708795	-0.175848010461777
661	16.525	-0.070094907656312	-0.175848010461777
662	16.55	-0.0713845796417445	-0.175848010461777
663	16.575	-0.070094907656312	-0.175848010461777
664	16.6	-0.072674251627177	-0.175848010461777
665	16.625	-0.0688052356708795	-0.175848010461777
666	16.65	-0.070094907656312	-0.175848010461777
667	16.675	-0.072674251627177	-0.174558338476345
668	16.7	-0.0713845796417445	-0.174558338476345
669	16.725	-0.0713845796417445	-0.174558338476345
670	16.75	-0.0713845796417445	-0.173268666490912
671	16.775	-0.0739639236126095	-0.174558338476345
672	16.8	-0.0739639236126095	-0.174558338476345
673	16.825	-0.075253595598042	-0.174558338476345
674	16.85	-0.072674251627177	-0.173268666490912
675	16.875	-0.0713845796417445	-0.173268666490912
676	16.9	-0.072674251627177	-0.173268666490912
677	16.925	-0.072674251627177	-0.17197899450548
678	16.95	-0.072674251627177	-0.173268666490912
679	16.975	-0.0713845796417445	-0.17197899450548
680	17	-0.072674251627177	-0.17197899450548
681	17.025	-0.075253595598042	-0.17197899450548
682	17.05	-0.072674251627177	-0.173268666490912
683	17.075	-0.0688052356708795	-0.17197899450548
684	17.1	-0.072674251627177	-0.17197899450548
685	17.125	-0.0713845796417445	-0.17197899450548
686	17.15	-0.0739639236126095	-0.17197899450548
687	17.175	-0.0739639236126095	-0.17197899450548
688	17.2	-0.075253595598042	-0.17197899450548
689	17.225	-0.072674251627177	-0.17197899450548
690	17.25	-0.0739639236126095	-0.17197899450548
691	17.275	-0.072674251627177	-0.17197899450548
692	17.3	-0.0739639236126095	-0.17197899450548
693	17.325	-0.070094907656312	-0.17197899450548
694	17.35	-0.0739639236126095	-0.17197899450548
695	17.375	-0.0713845796417445	-0.17197899450548
696	17.4	-0.0739639236126095	-0.17197899450548
697	17.425	-0.0739639236126095	-0.17197899450548
698	17.45	-0.072674251627177	-0.17197899450548
699	17.475	-0.072674251627177	-0.170689322520047
700	17.5	-0.0765432675834745	-0.170689322520047
701	17.525	-0.0739639236126095	-0.170689322520047
702	17.55	-0.0765432675834745	-0.170689322520047
703	17.575	-0.075253595598042	-0.170689322520047
704	17.6	-0.077832939568907	-0.170689322520047
705	17.625	-0.075253595598042	-0.170689322520047
706	17.65	-0.075253595598042	-0.170689322520047
707	17.675	-0.077832939568907	-0.169399650534615
708	17.7	-0.077832939568907	-0.169399650534615
709	17.725	-0.0765432675834745	-0.169399650534615
710	17.75	-0.077832939568907	-0.169399650534615
711	17.775	-0.077832939568907	-0.169399650534615
712	17.8	-0.0791226115543395	-0.168109978549182
713	17.825	-0.0765432675834745	-0.168109978549182
714	17.85	-0.0791226115543395	-0.168109978549182
715	17.875	-0.077832939568907	-0.168109978549182
716	17.9	-0.077832939568907	-0.16682030656375
717	17.925	-0.0765432675834745	-0.16682030656375
718	17.95	-0.0791226115543395	-0.168109978549182
719	17.975	-0.075253595598042	-0.16682030656375
720	18	-0.077832939568907	-0.16682030656375
721	18.025	-0.0765432675834745	-0.16682030656375
722	18.05	-0.0791226115543395	-0.16682030656375
723	18.075	-0.077832939568907	-0.16682030656375
724	18.1	-0.0791226115543395	-0.165530634578317
725	18.125	-0.0791226115543395	-0.165530634578317
726	18.15	-0.077832939568907	-0.165530634578317
727	18.175	-0.0765432675834745	-0.165530634578317
728	18.2	-0.077832939568907	-0.165530634578317
729	18.225	-0.080412283539772	-0.165530634578317
730	18.25	-0.0765432675834745	-0.165530634578317
731	18.275	-0.0739639236126095	-0.164240962592885
732	18.3	-0.077832939568907	-0.165530634578317
733	18.325	-0.077832939568907	-0.165530634578317
734	18.35	-0.0791226115543395	-0.164240962592885
735	18.375	-0.0791226115543395	-0.164240962592885
736	18.4	-0.0765432675834745	-0.164240962592885
737	18.425	-0.0765432675834745	-0.164240962592885
738	18.45	-0.077832939568907	-0.164240962592885
739	18.475	-0.0765432675834745	-0.164240962592885
740	18.5	-0.0765432675834745	-0.162951290607452
741	18.525	-0.075253595598042	-0.162951290607452
742	18.55	-0.0791226115543395	-0.164240962592885
743	18.575	-0.080412283539772	-0.162951290607452
744	18.6	-0.080412283539772	-0.162951290607452
745	18.625	-0.080412283539772	-0.162951290607452
746	18.65	-0.0817019555252045	-0.162951290607452
747	18.675	-0.0791226115543395	-0.16166161862202
748	18.7	-0.080412283539772	-0.16166161862202
749	18.725	-0.0791226115543395	-0.16166161862202
750	18.75	-0.0817019555252045	-0.16166161862202
751	18.775	-0.077832939568907	-0.16166161862202
752	18.8	-0.082991627510637	-0.160371946636587
753	18.825	-0.077832939568907	-0.160371946636587
754	18.85	-0.080412283539772	-0.160371946636587
755	18.875	-0.0817019555252045	-0.160371946636587
756	18.9	-0.0817019555252045	-0.160371946636587
757	18.925	-0.082991627510637	-0.160371946636587
758	18.95	-0.0817019555252045	-0.160371946636587
759	18.975	-0.0842812994960696	-0.159082274651155
760	19	-0.082991627510637	-0.159082274651155
761	19.025	-0.082991627510637	-0.159082274651155
762	19.05	-0.082991627510637	-0.159082274651155
763	19.075	-0.0855709714815021	-0.159082274651155
764	19.1	-0.082991627510637	-0.157792602665722
765	19.125	-0.0855709714815021	-0.157792602665722
766	19.15	-0.0868606434669346	-0.157792602665722
767	19.175	-0.0817019555252045	-0.157792602665722
768	19.2	-0.0842812994960696	-0.15650293068029
769	19.225	-0.082991627510637	-0.157792602665722
770	19.25	-0.0894399874377996	-0.15650293068029
771	19.275	-0.0868606434669346	-0.15650293068029
772	19.3	-0.0855709714815021	-0.155213258694857
773	19.325	-0.0881503154523671	-0.15650293068029
774	19.35	-0.0855709714815021	-0.15650293068029
775	19.375	-0.0855709714815021	-0.155213258694857
776	19.4	-0.0868606434669346	-0.153923586709425
777	19.425	-0.0868606434669346	-0.155213258694857
778	19.45	-0.0855709714815021	-0.155213258694857
779	19.475	-0.082991627510637	-0.153923586709425
780	19.5	-0.0842812994960696	-0.153923586709425
781	19.525	-0.0842812994960696	-0.153923586709425
782	19.55	-0.0881503154523671	-0.153923586709425
783	19.575	-0.0855709714815021	-0.153923586709425
784	19.6	-0.0868606434669346	-0.153923586709425
785	19.625	-0.0868606434669346	-0.153923586709425
786	19.65	-0.0868606434669346	-0.153923586709425
787	19.675	-0.0842812994960696	-0.153923586709425
788	19.7	-0.0868606434669346	-0.153923586709425
789	19.725	-0.0868606434669346	-0.153923586709425
790	19.75	-0.0894399874377996	-0.153923586709425
791	19.775	-0.0881503154523671	-0.153923586709425
792	19.8	-0.0855709714815021	-0.153923586709425
793	19.825	-0.0894399874377996	-0.153923586709425
794	19.85	-0.0894399874377996	-0.153923586709425
795	19.875	-0.0881503154523671	-0.152633914723992
796	19.9	-0.0881503154523671	-0.152633914723992
797	19.925	-0.0868606434669346	-0.152633914723992
798	19.95	-0.0855709714815021	-0.152633914723992
799	19.975	-0.0894399874377996	-0.152633914723992
800	20	-0.0881503154523671	-0.152633914723992
801	20.025	-0.082991627510637	-0.15134424273856
802	20.05	-0.0855709714815021	-0.152633914723992
803	20.075	-0.082991627510637	-0.152633914723992
804	20.1	-0.0855709714815021	-0.15134424273856
805	20.125	-0.0842812994960696	-0.15134424273856
806	20.15	-0.0842812994960696	-0.15134424273856
807	20.175	-0.082991627510637	-0.15134424273856
808	20.2	-0.0842812994960696	-0.15134424273856
809	20.225	-0.0817019555252045	-0.150054570753127
810	20.25	-0.0817019555252045	-0.150054570753127
811	20.275	-0.080412283539772	-0.150054570753127
812	20.3	-0.0842812994960696	-0.150054570753127
813	20.325	-0.082991627510637	-0.150054570753127
814	20.35	-0.0791226115543395	-0.150054570753127
815	20.375	-0.080412283539772	-0.150054570753127
816	20.4	-0.0817019555252045	-0.148764898767695
817	20.425	-0.080412283539772	-0.148764898767695
818	20.45	-0.0791226115543395	-0.148764898767695
819	20.475	-0.077832939568907	-0.148764898767695
820	20.5	-0.080412283539772	-0.148764898767695
821	20.525	-0.0791226115543395	-0.147475226782262
822	20.55	-0.077832939568907	-0.147475226782262
823	20.575	-0.077832939568907	-0.147475226782262
824	20.6	-0.077832939568907	-0.147475226782262
825	20.625	-0.0765432675834745	-0.147475226782262
826	20.65	-0.0765432675834745	-0.147475226782262
827	20.675	-0.075253595598042	-0.14618555479683
828	20.7	-0.0791226115543395	-0.14618555479683
829	20.725	-0.0739639236126095	-0.14618555479683
830	20.75	-0.0739639236126095	-0.14618555479683
831	20.775	-0.0739639236126095	-0.14618555479683
832	20.8	-0.075253595598042	-0.144895882811397
833	20.825	-0.0739639236126095	-0.144895882811397
834	20.85	-0.075253595598042	-0.144895882811397
835	20.875	-0.0713845796417445	-0.144895882811397
836	20.9	-0.075253595598042	-0.144895882811397
837	20.925	-0.0739639236126095	-0.144895882811397
838	20.95	-0.0739639236126095	-0.144895882811397
839	20.975	-0.0739639236126095	-0.144895882811397
840	21	-0.072674251627177	-0.143606210825965
841	21.025	-0.072674251627177	-0.144895882811397
842	21.05	-0.0713845796417445	-0.143606210825965
843	21.075	-0.072674251627177	-0.143606210825965
844	21.1	-0.0739639236126095	-0.143606210825965
845	21.125	-0.0713845796417445	-0.143606210825965
846	21.15	-0.0713845796417445	-0.143606210825965
847	21.175	-0.070094907656312	-0.143606210825965
848	21.2	-0.072674251627177	-0.143606210825965
849	21.225	-0.070094907656312	-0.143606210825965
850	21.25	-0.072674251627177	-0.143606210825965
851	21.275	-0.0688052356708795	-0.142316538840532
852	21.3	-0.0688052356708795	-0.142316538840532
853	21.325	-0.0688052356708795	-0.142316538840532
854	21.35	-0.070094907656312	-0.1410268668551
855	21.375	-0.0688052356708795	-0.142316538840532
856	21.4	-0.0688052356708795	-0.142316538840532
857	21.425	-0.070094907656312	-0.1410268668551
858	21.45	-0.070094907656312	-0.142316538840532
859	21.475	-0.0713845796417445	-0.1410268668551
860	21.5	-0.0688052356708795	-0.1410268668551
861	21.525	-0.070094907656312	-0.1410268668551
862	21.55	-0.067515563685447	-0.1410268668551
863	21.575	-0.0662258917000145	-0.1410268668551
864	21.6	-0.0688052356708795	-0.1410268668551
865	21.625	-0.067515563685447	-0.1410268668551
866	21.65	-0.070094907656312	-0.139737194869667
867	21.675	-0.0688052356708795	-0.139737194869667
868	21.7	-0.067515563685447	-0.139737194869667
869	21.725	-0.067515563685447	-0.139737194869667
870	21.75	-0.070094907656312	-0.139737194869667
871	21.775	-0.0688052356708795	-0.138447522884235
872	21.8	-0.0662258917000145	-0.138447522884235
873	21.825	-0.067515563685447	-0.137157850898802
874	21.85	-0.067515563685447	-0.137157850898802
875	21.875	-0.0688052356708795	-0.137157850898802
876	21.9	-0.0662258917000145	-0.137157850898802
877	21.925	-0.0688052356708795	-0.137157850898802
878	21.95	-0.067515563685447	-0.137157850898802
879	21.975	-0.0688052356708795	-0.13586817891337
880	22	-0.0662258917000145	-0.13586817891337
881	22.025	-0.0688052356708795	-0.137157850898802
882	22.05	-0.064936219714582	-0.13586817891337
883	22.075	-0.067515563685447	-0.13586817891337
884	22.1	-0.067515563685447	-0.13586817891337
885	22.125	-0.0713845796417445	-0.13586817891337
886	22.15	-0.0662258917000145	-0.13586817891337
887	22.175	-0.067515563685447	-0.134578506927937
888	22.2	-0.067515563685447	-0.13586817891337
889	22.225	-0.067515563685447	-0.13586817891337
890	22.25	-0.067515563685447	-0.134578506927937
891	22.275	-0.0662258917000145	-0.13586817891337
892	22.3	-0.067515563685447	-0.134578506927937
893	22.325	-0.067515563685447	-0.134578506927937
894	22.35	-0.067515563685447	-0.134578506927937
895	22.375	-0.067515563685447	-0.134578506927937
896	22.4	-0.0662258917000145	-0.134578506927937
897	22.425	-0.067515563685447	-0.134578506927937
898	22.45	-0.067515563685447	-0.134578506927937
899	22.475	-0.0688052356708795	-0.134578506927937
900	22.5	-0.067515563685447	-0.134578506927937
901	22.525	-0.0688052356708795	-0.134578506927937
902	22.55	-0.0662258917000145	-0.134578506927937
903	22.575	-0.067515563685447	-0.133288834942505
904	22.6	-0.0688052356708795	-0.133288834942505
905	22.625	-0.0688052356708795	-0.133288834942505
906	22.65	-0.067515563685447	-0.133288834942505
907	22.675	-0.0688052356708795	-0.133288834942505
908	22.7	-0.070094907656312	-0.131999162957072
909	22.725	-0.070094907656312	-0.131999162957072
910	22.75	-0.072674251627177	-0.131999162957072
911	22.775	-0.0688052356708795	-0.13070949097164
912	22.8	-0.070094907656312	-0.13070949097164
913	22.825	-0.070094907656312	-0.13070949097164
914	22.85	-0.0688052356708795	-0.13070949097164
915	22.875	-0.0713845796417445	-0.129419818986207
916	22.9	-0.072674251627177	-0.129419818986207
917	22.925	-0.070094907656312	-0.129419818986207
918	22.95	-0.070094907656312	-0.129419818986207
919	22.975	-0.0713845796417445	-0.129419818986207
920	23	-0.0713845796417445	-0.129419818986207
921	23.025	-0.070094907656312	-0.128130147000775
922	23.05	-0.0688052356708795	-0.129419818986207
923	23.075	-0.0713845796417445	-0.128130147000775
924	23.1	-0.070094907656312	-0.128130147000775
925	23.125	-0.067515563685447	-0.126840475015342
926	23.15	-0.0688052356708795	-0.128130147000775
927	23.175	-0.0713845796417445	-0.126840475015342
928	23.2	-0.070094907656312	-0.126840475015342
929	23.225	-0.070094907656312	-0.126840475015342
930	23.25	-0.070094907656312	-0.126840475015342
931	23.275	-0.0713845796417445	-0.12555080302991
932	23.3	-0.072674251627177	-0.12555080302991
933	23.325	-0.0713845796417445	-0.12555080302991
934	23.35	-0.072674251627177	-0.12555080302991
935	23.375	-0.0713845796417445	-0.124261131044477
936	23.4	-0.070094907656312	-0.124261131044477
937	23.425	-0.0713845796417445	-0.12555080302991
938	23.45	-0.070094907656312	-0.124261131044477
939	23.475	-0.070094907656312	-0.124261131044477
940	23.5	-0.070094907656312	-0.124261131044477
941	23.525	-0.0713845796417445	-0.122971459059045
942	23.55	-0.070094907656312	-0.124261131044477
943	23.575	-0.0713845796417445	-0.122971459059045
944	23.6	-0.070094907656312	-0.122971459059045
945	23.625	-0.070094907656312	-0.122971459059045
946	23.65	-0.070094907656312	-0.122971459059045
947	23.675	-0.070094907656312	-0.124261131044477
948	23.7	-0.067515563685447	-0.122971459059045
949	23.725	-0.070094907656312	-0.122971459059045
950	23.75	-0.067515563685447	-0.122971459059045
951	23.775	-0.0688052356708795	-0.122971459059045
952	23.8	-0.070094907656312	-0.121681787073612
953	23.825	-0.070094907656312	-0.121681787073612
954	23.85	-0.070094907656312	-0.122971459059045
955	23.875	-0.0688052356708795	-0.121681787073612
956	23.9	-0.0688052356708795	-0.122971459059045
957	23.925	-0.070094907656312	-0.121681787073612
958	23.95	-0.0688052356708795	-0.121681787073612
959	23.975	-0.0713845796417445	-0.121681787073612
960	24	-0.070094907656312	-0.121681787073612
961	24.025	-0.0688052356708795	-0.121681787073612
962	24.05	-0.0688052356708795	-0.121681787073612
963	24.075	-0.0713845796417445	-0.121681787073612
964	24.1	-0.0662258917000145	-0.121681787073612
965	24.125	-0.0713845796417445	-0.121681787073612
966	24.15	-0.070094907656312	-0.121681787073612
967	24.175	-0.0688052356708795	-0.121681787073612
968	24.2	-0.070094907656312	-0.121681787073612
969	24.225	-0.0688052356708795	-0.121681787073612
970	24.25	-0.067515563685447	-0.121681787073612
971	24.275	-0.064936219714582	-0.121681787073612
972	24.3	-0.067515563685447	-0.12039211508818
973	24.325	-0.0662258917000145	-0.12039211508818
974	24.35	-0.0662258917000145	-0.12039211508818
975	24.375	-0.0662258917000145	-0.12039211508818
976	24.4	-0.064936219714582	-0.119102443102747
977	24.425	-0.0636465477291495	-0.119102443102747
978	24.45	-0.0636465477291495	-0.119102443102747
979	24.475	-0.064936219714582	-0.119102443102747
980	24.5	-0.062356875743717	-0.119102443102747
981	24.525	-0.0636465477291495	-0.119102443102747
982	24.55	-0.0597775317728519	-0.117812771117315
983	24.575	-0.064936219714582	-0.117812771117315
984	24.6	-0.062356875743717	-0.117812771117315
985	24.625	-0.0610672037582844	-0.117812771117315
986	24.65	-0.0610672037582844	-0.117812771117315
987	24.675	-0.062356875743717	-0.116523099131882
988	24.7	-0.064936219714582	-0.116523099131882
989	24.725	-0.062356875743717	-0.116523099131882
990	24.75	-0.062356875743717	-0.116523099131882
991	24.775	-0.0636465477291495	-0.116523099131882
992	24.8	-0.0636465477291495	-0.11523342714645
993	24.825	-0.064936219714582	-0.11523342714645
994	24.85	-0.0636465477291495	-0.11523342714645
995	24.875	-0.064936219714582	-0.11523342714645
996	24.9	-0.0636465477291495	-0.113943755161017
997	24.925	-0.064936219714582	-0.11523342714645
998	24.95	-0.064936219714582	-0.113943755161017
999	24.975	-0.0662258917000145	-0.113943755161017
1000	25	-0.0662258917000145	-0.112654083175585
1001	25.025	-0.064936219714582	-0.112654083175585
1002	25.05	-0.0636465477291495	-0.113943755161017
1003	25.075	-0.064936219714582	-0.112654083175585
1004	25.1	-0.064936219714582	-0.112654083175585
1005	25.125	-0.0636465477291495	-0.112654083175585
1006	25.15	-0.064936219714582	-0.112654083175585
1007	25.175	-0.0636465477291495	-0.112654083175585
1008	25.2	-0.064936219714582	-0.112654083175585
1009	25.225	-0.064936219714582	-0.112654083175585
1010	25.25	-0.0636465477291495	-0.112654083175585
1011	25.275	-0.0662258917000145	-0.112654083175585
1012	25.3	-0.064936219714582	-0.112654083175585
1013	25.325	-0.064936219714582	-0.111364411190152
1014	25.35	-0.0636465477291495	-0.111364411190152
1015	25.375	-0.0662258917000145	-0.112654083175585
1016	25.4	-0.0636465477291495	-0.111364411190152
1017	25.425	-0.0662258917000145	-0.111364411190152
1018	25.45	-0.0636465477291495	-0.111364411190152
1019	25.475	-0.064936219714582	-0.112654083175585
1020	25.5	-0.0636465477291495	-0.111364411190152
1021	25.525	-0.067515563685447	-0.111364411190152
1022	25.55	-0.0636465477291495	-0.111364411190152
1023	25.575	-0.064936219714582	-0.111364411190152
1024	25.6	-0.0662258917000145	-0.111364411190152
1025	25.625	-0.0662258917000145	-0.11007473920472
1026	25.65	-0.067515563685447	-0.111364411190152
1027	25.675	-0.0688052356708795	-0.111364411190152
1028	25.7	-0.0688052356708795	-0.11007473920472
1029	25.725	-0.070094907656312	-0.11007473920472
1030	25.75	-0.067515563685447	-0.11007473920472
1031	25.775	-0.070094907656312	-0.11007473920472
1032	25.8	-0.070094907656312	-0.11007473920472
1033	25.825	-0.0739639236126095	-0.11007473920472
1034	25.85	-0.0713845796417445	-0.11007473920472
1035	25.875	-0.0739639236126095	-0.108785067219287
1036	25.9	-0.0713845796417445	-0.108785067219287
1037	25.925	-0.072674251627177	-0.108785067219287
1038	25.95	-0.075253595598042	-0.108785067219287
1039	25.975	-0.075253595598042	-0.107495395233855
1040	26	-0.0739639236126095	-0.108785067219287
1041	26.025	-0.0765432675834745	-0.107495395233855
1042	26.05	-0.075253595598042	-0.107495395233855
1043	26.075	-0.075253595598042	-0.107495395233855
1044	26.1	-0.075253595598042	-0.107495395233855
1045	26.125	-0.0765432675834745	-0.106205723248422
1046	26.15	-0.072674251627177	-0.106205723248422
1047	26.175	-0.0739639236126095	-0.107495395233855
1048	26.2	-0.075253595598042	-0.107495395233855
1049	26.225	-0.0765432675834745	-0.107495395233855
1050	26.25	-0.0739639236126095	-0.106205723248422
1051	26.275	-0.072674251627177	-0.106205723248422
1052	26.3	-0.0739639236126095	-0.106205723248422
1053	26.325	-0.075253595598042	-0.106205723248422
1054	26.35	-0.072674251627177	-0.106205723248422
1055	26.375	-0.075253595598042	-0.106205723248422
1056	26.4	-0.075253595598042	-0.106205723248422
1057	26.425	-0.077832939568907	-0.106205723248422
1058	26.45	-0.075253595598042	-0.10491605126299
1059	26.475	-0.075253595598042	-0.106205723248422
1060	26.5	-0.0739639236126095	-0.106205723248422
1061	26.525	-0.077832939568907	-0.106205723248422
1062	26.55	-0.0791226115543395	-0.10491605126299
1063	26.575	-0.0791226115543395	-0.10491605126299
1064	26.6	-0.077832939568907	-0.10491605126299
1065	26.625	-0.0817019555252045	-0.103626379277557
1066	26.65	-0.082991627510637	-0.103626379277557
1067	26.675	-0.0881503154523671	-0.10491605126299
1068	26.7	-0.0855709714815021	-0.103626379277557
1069	26.725	-0.0868606434669346	-0.103626379277557
1070	26.75	-0.0855709714815021	-0.103626379277557
1071	26.775	-0.0881503154523671	-0.102336707292125
1072	26.8	-0.0907296594232321	-0.102336707292125
1073	26.825	-0.0920193314086646	-0.102336707292125
1074	26.85	-0.0907296594232321	-0.101047035306692
1075	26.875	-0.0907296594232321	-0.102336707292125
1076	26.9	-0.0907296594232321	-0.102336707292125
1077	26.925	-0.0958883473649621	-0.101047035306692
1078	26.95	-0.0945986753795296	-0.0997573633212596
1079	26.975	-0.0958883473649621	-0.101047035306692
1080	27	-0.0933090033940971	-0.0997573633212596
1081	27.025	-0.0958883473649621	-0.0997573633212596
1082	27.05	-0.0971780193503946	-0.0997573633212596
1083	27.075	-0.0984676913358271	-0.0984676913358271
1084	27.1	-0.102336707292125	-0.0984676913358271
1085	27.125	-0.101047035306692	-0.0984676913358271
1086	27.15	-0.102336707292125	-0.0984676913358271
1087	27.175	-0.101047035306692	-0.0984676913358271
1088	27.2	-0.101047035306692	-0.0984676913358271
1089	27.225	-0.102336707292125	-0.0971780193503946
1090	27.25	-0.10491605126299	-0.0958883473649621
1091	27.275	-0.106205723248422	-0.0971780193503946
1092	27.3	-0.103626379277557	-0.0958883473649621
1093	27.325	-0.10491605126299	-0.0971780193503946
1094	27.35	-0.106205723248422	-0.0958883473649621
1095	27.375	-0.106205723248422	-0.0958883473649621
1096	27.4	-0.11007473920472	-0.0945986753795296
1097	27.425	-0.107495395233855	-0.0958883473649621
1098	27.45	-0.107495395233855	-0.0945986753795296
1099	27.475	-0.11007473920472	-0.0933090033940971
1100	27.5	-0.11007473920472	-0.0945986753795296
1101	27.525	-0.113943755161017	-0.0933090033940971
1102	27.55	-0.108785067219287	-0.0933090033940971
1103	27.575	-0.11007473920472	-0.0933090033940971
1104	27.6	-0.11007473920472	-0.0933090033940971
1105	27.625	-0.108785067219287	-0.0933090033940971
1106	27.65	-0.108785067219287	-0.0920193314086646
1107	27.675	-0.11007473920472	-0.0933090033940971
1108	27.7	-0.11007473920472	-0.0933090033940971
1109	27.725	-0.11007473920472	-0.0920193314086646
1110	27.75	-0.11007473920472	-0.0920193314086646
1111	27.775	-0.11007473920472	-0.0920193314086646
1112	27.8	-0.107495395233855	-0.0920193314086646
1113	27.825	-0.11007473920472	-0.0907296594232321
1114	27.85	-0.11007473920472	-0.0907296594232321
1115	27.875	-0.11007473920472	-0.0907296594232321
1116	27.9	-0.111364411190152	-0.0907296594232321
1117	27.925	-0.11007473920472	-0.0907296594232321
1118	27.95	-0.112654083175585	-0.0907296594232321
1119	27.975	-0.111364411190152	-0.0894399874377996
1120	28	-0.11007473920472	-0.0894399874377996
1121	28.025	-0.112654083175585	-0.0894399874377996
1122	28.05	-0.112654083175585	-0.0894399874377996
1123	28.075	-0.112654083175585	-0.0894399874377996
1124	28.1	-0.111364411190152	-0.0894399874377996
1125	28.125	-0.112654083175585	-0.0894399874377996
1126	28.15	-0.112654083175585	-0.0881503154523671
1127	28.175	-0.113943755161017	-0.0881503154523671
1128	28.2	-0.112654083175585	-0.0881503154523671
1129	28.225	-0.112654083175585	-0.0881503154523671
1130	28.25	-0.112654083175585	-0.0881503154523671
1131	28.275	-0.112654083175585	-0.0868606434669346
1132	28.3	-0.112654083175585	-0.0868606434669346
1133	28.325	-0.113943755161017	-0.0868606434669346
1134	28.35	-0.111364411190152	-0.0855709714815021
1135	28.375	-0.116523099131882	-0.0868606434669346
1136	28.4	-0.113943755161017	-0.0855709714815021
1137	28.425	-0.113943755161017	-0.0855709714815021
1138	28.45	-0.111364411190152	-0.0855709714815021
1139	28.475	-0.116523099131882	-0.0855709714815021
1140	28.5	-0.11523342714645	-0.0855709714815021
1141	28.525	-0.116523099131882	-0.0842812994960696
1142	28.55	-0.11523342714645	-0.0855709714815021
1143	28.575	-0.119102443102747	-0.0842812994960696
1144	28.6	-0.117812771117315	-0.0842812994960696
1145	28.625	-0.121681787073612	-0.0842812994960696
1146	28.65	-0.116523099131882	-0.0842812994960696
1147	28.675	-0.121681787073612	-0.082991627510637
1148	28.7	-0.119102443102747	-0.0842812994960696
1149	28.725	-0.122971459059045	-0.082991627510637
1150	28.75	-0.122971459059045	-0.082991627510637
1151	28.775	-0.121681787073612	-0.082991627510637
1152	28.8	-0.121681787073612	-0.082991627510637
1153	28.825	-0.124261131044477	-0.082991627510637
1154	28.85	-0.124261131044477	-0.082991627510637
1155	28.875	-0.129419818986207	-0.082991627510637
1156	28.9	-0.124261131044477	-0.0817019555252045
1157	28.925	-0.126840475015342	-0.0817019555252045
1158	28.95	-0.126840475015342	-0.0817019555252045
1159	28.975	-0.13070949097164	-0.0817019555252045
1160	29	-0.129419818986207	-0.0817019555252045
1161	29.025	-0.129419818986207	-0.0817019555252045
1162	29.05	-0.13070949097164	-0.080412283539772
1163	29.075	-0.133288834942505	-0.080412283539772
1164	29.1	-0.13070949097164	-0.080412283539772
1165	29.125	-0.129419818986207	-0.080412283539772
1166	29.15	-0.128130147000775	-0.080412283539772
1167	29.175	-0.129419818986207	-0.0791226115543395
1168	29.2	-0.131999162957072	-0.0791226115543395
1169	29.225	-0.131999162957072	-0.0791226115543395
1170	29.25	-0.129419818986207	-0.0791226115543395
1171	29.275	-0.133288834942505	-0.0791226115543395
1172	29.3	-0.128130147000775	-0.0791226115543395
1173	29.325	-0.134578506927937	-0.0791226115543395
1174	29.35	-0.128130147000775	-0.077832939568907
1175	29.375	-0.13070949097164	-0.077832939568907
1176	29.4	-0.13070949097164	-0.077832939568907
1177	29.425	-0.13586817891337	-0.077832939568907
1178	29.45	-0.126840475015342	-0.077832939568907
1179	29.475	-0.129419818986207	-0.077832939568907
1180	29.5	-0.13070949097164	-0.0765432675834745
1181	29.525	-0.13070949097164	-0.077832939568907
1182	29.55	-0.13070949097164	-0.077832939568907
1183	29.575	-0.133288834942505	-0.0765432675834745
1184	29.6	-0.131999162957072	-0.0765432675834745
1185	29.625	-0.134578506927937	-0.0765432675834745
1186	29.65	-0.133288834942505	-0.0765432675834745
1187	29.675	-0.13586817891337	-0.0765432675834745
1188	29.7	-0.137157850898802	-0.075253595598042
1189	29.725	-0.138447522884235	-0.0765432675834745
1190	29.75	-0.144895882811397	-0.0765432675834745
1191	29.775	-0.15134424273856	-0.075253595598042
1192	29.8	-0.153923586709425	-0.075253595598042
1193	29.825	-0.152633914723992	-0.075253595598042
1194	29.85	-0.160371946636587	-0.075253595598042
1195	29.875	-0.160371946636587	-0.0739639236126095
1196	29.9	-0.170689322520047	-0.0739639236126095
1197	29.925	-0.175848010461777	-0.0739639236126095
1198	29.95	-0.179717026418075	-0.0739639236126095
1199	29.975	-0.183586042374372	-0.0739639236126095
1200	30	-0.193903418257833	-0.0739639236126095
1201	30.025	-0.204220794141293	-0.072674251627177
1202	30.05	-0.205510466126725	-0.072674251627177
1203	30.075	-0.209379482083023	-0.072674251627177
1204	30.1	-0.220986529951915	-0.072674251627177
1205	30.125	-0.230014233849943	-0.072674251627177
1206	30.15	-0.240331609733403	-0.072674251627177
1207	30.175	-0.253228329587728	-0.0713845796417445
1208	30.2	-0.257097345544025	-0.0713845796417445
1209	30.225	-0.263545705471188	-0.0713845796417445
1210	30.25	-0.272573409369215	-0.0713845796417445
1211	30.275	-0.282890785252675	-0.0713845796417445
1212	30.3	-0.293208161136135	-0.070094907656312
1213	30.325	-0.302235865034163	-0.070094907656312
1214	30.35	-0.299656521063298	-0.070094907656312
1215	30.375	-0.307394552975893	-0.0688052356708795
1216	30.4	-0.321580944815651	-0.070094907656312
1217	30.425	-0.334477664669976	-0.070094907656312
1218	30.45	-0.338346680626273	-0.0688052356708795
1219	30.475	-0.343505368568003	-0.070094907656312
1220	30.5	-0.344795040553436	-0.0688052356708795
1221	30.525	-0.355112416436896	-0.0688052356708795
1222	30.55	-0.369298808276653	-0.0688052356708795
1223	30.575	-0.379616184160113	-0.0688052356708795
1224	30.6	-0.391223232029006	-0.0688052356708795
1225	30.625	-0.393802575999871	-0.0688052356708795
1226	30.65	-0.404119951883331	-0.0688052356708795
1227	30.675	-0.420885687693954	-0.0688052356708795
1228	30.7	-0.440230767475441	-0.067515563685447
1229	30.725	-0.451837815344334	-0.067515563685447
1230	30.75	-0.459575847256929	-0.067515563685447
1231	30.775	-0.468603551154956	-0.067515563685447
1232	30.8	-0.475051911082119	-0.067515563685447
1233	30.825	-0.472472567111254	-0.067515563685447
1234	30.85	-0.508583382703364	-0.067515563685447
1235	30.875	-0.561459934106097	-0.067515563685447
1236	30.9	-0.597570749698207	-0.067515563685447
1237	30.925	-0.614336485508829	-0.0662258917000145
1238	30.95	-0.625943533377722	-0.067515563685447
1239	30.975	-0.654316317057237	-0.0662258917000145
1240	31	-0.67624074080959	-0.0662258917000145
1241	31.025	-0.714930900372565	-0.0662258917000145
1242	31.05	-0.778124827658758	-0.0662258917000145
1243	31.075	-0.849056786857545	-0.0662258917000145
1244	31.1	-0.917409402085468	-0.0662258917000145
1245	31.125	-1.05540430452675	-0.064936219714582
1246	31.15	-1.20887527079321	-0.064936219714582
1247	31.175	-1.34944951720536	-0.064936219714582
1248	31.2	-1.56740408274345	-0.064936219714582
1249	31.225	-1.88724273513071	-0.064936219714582
1250	31.25	-2.23287482722662	-0.064936219714582
1251	31.275	-2.51273364806548	-0.0636465477291495
1252	31.3	-2.86997278803028	-0.0636465477291495
1253	31.325	-3.49417402897961	-0.062356875743717
1254	31.35	-4.22025935677812	-0.062356875743717
1255	31.375	-4.6600375038106	-0.0636465477291495
1256	31.4	-4.90765452501364	-0.062356875743717
1257	31.425	-5.68016804428771	-0.062356875743717
1258	31.45	-6.993054125458	-0.062356875743717
1259	31.475	-8.15891760028899	-0.0610672037582844
1260	31.5	-8.85018178448081	-0.062356875743717
1261	31.525	-9.14551666914485	-0.0610672037582844
1262	31.55	-9.72973807854578	-0.0610672037582844
1263	31.575	-10.5783422449604	-0.0610672037582844
1264	31.6	-10.5783422449604	-0.0597775317728519
1265	31.625	-10.5783422449604	-0.0597775317728519
1266	31.65	-10.5783422449604	-0.0597775317728519
1267	31.675	-10.5783422449604	-0.0597775317728519
1268	31.7	-10.5783422449604	-0.0597775317728519
1269	31.725	-10.5783422449604	-0.0584878597874194
1270	31.75	-10.5783422449604	-0.0584878597874194
1271	31.775	-10.5783422449604	-0.0584878597874194
1272	31.8	-10.5783422449604	-0.0584878597874194
1273	31.825	-10.5783422449604	-0.0584878597874194
1274	31.85	-10.5783422449604	-0.0571981878019869
1275	31.875	-10.5783422449604	-0.0571981878019869
1276	31.9	-10.5783422449604	-0.0571981878019869
1277	31.925	-10.5783422449604	-0.0571981878019869
1278	31.95	-10.5783422449604	-0.0571981878019869
1279	31.975	-10.5783422449604	-0.0571981878019869
1280	32	-10.5783422449604	-0.0559085158165544
1281	32.025	-10.5783422449604	-0.0559085158165544
1282	32.05	-10.5783422449604	-0.0559085158165544
1283	32.075	-10.5783422449604	-0.0559085158165544
1284	32.1	-10.5783422449604	-0.0559085158165544
1285	32.125	-10.5783422449604	-0.0559085158165544
1286	32.15	-10.5783422449604	-0.0546188438311219
1287	32.175	-10.5783422449604	-0.0546188438311219
1288	32.2	-10.5783422449604	-0.0546188438311219
1289	32.225	-10.5783422449604	-0.0546188438311219
1290	32.25	-10.5783422449604	-0.0533291718456894
1291	32.275	-10.5783422449604	-0.0546188438311219
1292	32.3	-10.5783422449604	-0.0533291718456894
1293	32.325	-10.5783422449604	-0.0533291718456894
1294	32.35	-10.5783422449604	-0.0533291718456894
1295	32.375	-10.5783422449604	-0.0533291718456894
1296	32.4	-10.5783422449604	-0.0520394998602569
1297	32.425	-10.5783422449604	-0.0533291718456894
1298	32.45	-10.5783422449604	-0.0520394998602569
1299	32.475	-10.5783422449604	-0.0520394998602569
1300	32.5	-10.5783422449604	-0.0520394998602569
1301	32.525	-10.5783422449604	-0.0520394998602569
1302	32.55	-10.5783422449604	-0.0520394998602569
1303	32.575	-10.5783422449604	-0.0507498278748244
1304	32.6	-10.5783422449604	-0.0507498278748244
1305	32.625	-10.5783422449604	-0.0494601558893919
1306	32.65	-10.5783422449604	-0.0494601558893919
1307	32.675	-10.5783422449604	-0.0494601558893919
1308	32.7	-10.5783422449604	-0.0494601558893919
1309	32.725	-10.5783422449604	-0.0494601558893919
1310	32.75	-10.5783422449604	-0.0494601558893919
1311	32.775	-10.5783422449604	-0.0481704839039594
1312	32.8	-10.5783422449604	-0.0481704839039594
1313	32.825	-10.5783422449604	-0.0468808119185269
1314	32.85	-10.5783422449604	-0.0481704839039594
1315	32.875	-10.5783422449604	-0.0468808119185269
1316	32.9	-10.5783422449604	-0.0468808119185269
1317	32.925	-10.5783422449604	-0.0468808119185269
1318	32.95	-10.5783422449604	-0.0468808119185269
1319	32.975	-10.5783422449604	-0.0468808119185269
1320	33	-10.5783422449604	-0.0455911399330944
1321	33.025	-10.5783422449604	-0.0455911399330944
1322	33.05	-10.5783422449604	-0.0455911399330944
1323	33.075	-10.5783422449604	-0.0455911399330944
1324	33.1	-10.5783422449604	-0.0443014679476619
1325	33.125	-10.5783422449604	-0.0443014679476619
1326	33.15	-10.5783422449604	-0.0443014679476619
1327	33.175	-10.5783422449604	-0.0443014679476619
1328	33.2	-10.5783422449604	-0.0443014679476619
1329	33.225	-10.5783422449604	-0.0430117959622294
1330	33.25	-10.5783422449604	-0.0430117959622294
1331	33.275	-10.5783422449604	-0.0430117959622294
1332	33.3	-10.5783422449604	-0.0430117959622294
1333	33.325	-10.5783422449604	-0.0417221239767969
1334	33.35	-10.5783422449604	-0.0417221239767969
1335	33.375	-10.5783422449604	-0.0417221239767969
1336	33.4	-10.5783422449604	-0.0417221239767969
1337	33.425	-10.5783422449604	-0.0417221239767969
1338	33.45	-10.5783422449604	-0.0417221239767969
1339	33.475	-10.5783422449604	-0.0417221239767969
1340	33.5	-10.5783422449604	-0.0404324519913644
1341	33.525	-10.5783422449604	-0.0404324519913644
1342	33.55	-10.5783422449604	-0.0404324519913644
1343	33.575	-10.5783422449604	-0.0404324519913644
1344	33.6	-10.5783422449604	-0.0404324519913644
1345	33.625	-10.5783422449604	-0.0391427800059319
1346	33.65	-10.5783422449604	-0.0391427800059319
1347	33.675	-10.5783422449604	-0.0391427800059319
1348	33.7	-10.5783422449604	-0.0391427800059319
1349	33.725	-10.5783422449604	-0.0391427800059319
1350	33.75	-10.5783422449604	-0.0378531080204993
1351	33.775	-10.5783422449604	-0.0391427800059319
1352	33.8	-10.5783422449604	-0.0378531080204993
1353	33.825	-10.5783422449604	-0.0378531080204993
1354	33.85	-10.5783422449604	-0.0378531080204993
1355	33.875	-10.5783422449604	-0.0378531080204993
1356	33.9	-10.5783422449604	-0.0365634360350668
1357	33.925	-10.5783422449604	-0.0365634360350668
1358	33.95	-10.5783422449604	-0.0365634360350668
1359	33.975	-10.5783422449604	-0.0365634360350668
1360	34	-10.5783422449604	-0.0365634360350668
1361	34.025	-10.5783422449604	-0.0365634360350668
1362	34.05	-10.5783422449604	-0.0365634360350668
1363	34.075	-10.5783422449604	-0.0352737640496343
1364	34.1	-10.5783422449604	-0.0352737640496343
1365	34.125	-10.5783422449604	-0.0352737640496343
1366	34.15	-10.5783422449604	-0.0352737640496343
1367	34.175	-10.5783422449604	-0.0339840920642018
1368	34.2	-10.5783422449604	-0.0339840920642018
1369	34.225	-9.76842823810875	-0.0339840920642018
1370	34.25	-8.33818200626411	-0.0339840920642018
1371	34.275	-7.55019242316484	-0.0339840920642018
1372	34.3	-7.19037393922918	-0.0339840920642018
1373	34.325	-6.65000137733296	-0.0326944200787693
1374	34.35	-5.86588081018999	-0.0326944200787693
1375	34.375	-4.83801223780029	-0.0326944200787693
1376	34.4	-4.27442558016628	-0.0314047480933368
1377	34.425	-3.90171037637629	-0.0314047480933368
1378	34.45	-3.51480878074653	-0.0314047480933368
1379	34.475	-3.09953440143727	-0.0314047480933368
1380	34.5	-2.68683936609887	-0.0314047480933368
1381	34.525	-2.39150448143482	-0.0314047480933368
1382	34.55	-2.13485975633375	-0.0301150761079043
1383	34.575	-1.89111175108701	-0.0301150761079043
1384	34.6	-1.69379193731584	-0.0301150761079043
1385	34.625	-1.49260310758837	-0.0301150761079043
1386	34.65	-1.34042181330733	-0.0301150761079043
1387	34.675	-1.21919264667667	-0.0288254041224718
1388	34.7	-1.13665363960899	-0.0288254041224718
1389	34.725	-1.0180038169492	-0.0288254041224718
1390	34.75	-0.958678905619308	-0.0275357321370393
1391	34.775	-0.881298586493358	-0.0288254041224718
1392	34.8	-0.82068400317803	-0.0275357321370393
1393	34.825	-0.770386795746163	-0.0275357321370393
1394	34.85	-0.73298630816862	-0.0275357321370393
1395	34.875	-0.708482540445402	-0.0275357321370393
1396	34.9	-0.67108205286786	-0.0275357321370393
1397	34.925	-0.646578285144642	-0.0275357321370393
1398	34.95	-0.609177797567099	-0.0275357321370393
1399	34.975	-0.576935997931287	-0.0262460601516068
1400	35	-0.557590918149799	-0.0262460601516068
1401	35.025	-0.516321414615959	-0.0262460601516068
1402	35.05	-0.502135022776201	-0.0262460601516068
1403	35.075	-0.490527974907309	-0.0262460601516068
1404	35.1	-0.469893223140389	-0.0249563881661743
1405	35.125	-0.450548143358901	-0.0249563881661743
1406	35.15	-0.436361751519144	-0.0249563881661743
1407	35.175	-0.417016671737656	-0.0249563881661743
1408	35.2	-0.407988967839628	-0.0236667161807418
1409	35.225	-0.395092247985303	-0.0236667161807418
1410	35.25	-0.379616184160113	-0.0236667161807418
1411	35.275	-0.357691760407761	-0.0236667161807418
1412	35.3	-0.343505368568003	-0.0236667161807418
1413	35.325	-0.330608648713678	-0.0236667161807418
1414	35.35	-0.319001600844786	-0.0223770441953093
1415	35.375	-0.302235865034163	-0.0223770441953093
1416	35.4	-0.298366849077865	-0.0223770441953093
1417	35.425	-0.294497833121568	-0.0210873722098768
1418	35.45	-0.272573409369215	-0.0223770441953093
1419	35.475	-0.267414721427485	-0.0223770441953093
1420	35.5	-0.266125049442053	-0.0223770441953093
1421	35.525	-0.24935931363143	-0.0223770441953093
1422	35.55	-0.25451800157316	-0.0223770441953093
1423	35.575	-0.242910953704268	-0.0210873722098768
1424	35.6	-0.230014233849943	-0.0210873722098768
1425	35.625	-0.224855545908213	-0.0210873722098768
1426	35.65	-0.21840718598105	-0.0210873722098768
1427	35.675	-0.200351778184995	-0.0210873722098768
1428	35.7	-0.188744730316103	-0.0210873722098768
1429	35.725	-0.184875714359805	-0.0210873722098768
1430	35.75	-0.181006698403507	-0.0210873722098768
1431	35.775	-0.183586042374372	-0.0210873722098768
1432	35.8	-0.18229637038894	-0.0210873722098768
1433	35.825	-0.178427354432642	-0.0197977002244443
1434	35.85	-0.168109978549182	-0.0197977002244443
1435	35.875	-0.16166161862202	-0.0210873722098768
1436	35.9	-0.162951290607452	-0.0197977002244443
1437	35.925	-0.15650293068029	-0.0197977002244443
1438	35.95	-0.153923586709425	-0.0197977002244443
1439	35.975	-0.152633914723992	-0.0197977002244443
1440	36	-0.14618555479683	-0.0197977002244443
1441	36.025	-0.147475226782262	-0.0197977002244443
1442	36.05	-0.142316538840532	-0.0185080282390118
1443	36.075	-0.139737194869667	-0.0197977002244443
1444	36.1	-0.138447522884235	-0.0185080282390118
1445	36.125	-0.13070949097164	-0.0185080282390118
1446	36.15	-0.137157850898802	-0.0185080282390118
1447	36.175	-0.133288834942505	-0.0172183562535793
1448	36.2	-0.134578506927937	-0.0185080282390118
1449	36.225	-0.131999162957072	-0.0185080282390118
1450	36.25	-0.131999162957072	-0.0172183562535793
1451	36.275	-0.131999162957072	-0.0185080282390118
1452	36.3	-0.131999162957072	-0.0172183562535793
1453	36.325	-0.13070949097164	-0.0172183562535793
1454	36.35	-0.134578506927937	-0.0172183562535793
1455	36.375	-0.133288834942505	-0.0172183562535793
1456	36.4	-0.133288834942505	-0.0172183562535793
1457	36.425	-0.13070949097164	-0.0159286842681468
1458	36.45	-0.131999162957072	-0.0172183562535793
1459	36.475	-0.129419818986207	-0.0159286842681468
1460	36.5	-0.131999162957072	-0.0159286842681468
1461	36.525	-0.126840475015342	-0.0146390122827142
1462	36.55	-0.124261131044477	-0.0146390122827142
1463	36.575	-0.121681787073612	-0.0146390122827142
1464	36.6	-0.12039211508818	-0.0133493402972817
1465	36.625	-0.11523342714645	-0.0133493402972817
1466	36.65	-0.117812771117315	-0.0120596683118492
1467	36.675	-0.11007473920472	-0.0120596683118492
1468	36.7	-0.103626379277557	-0.0120596683118492
1469	36.725	-0.102336707292125	-0.0120596683118492
1470	36.75	-0.103626379277557	-0.0107699963264167
1471	36.775	-0.101047035306692	-0.0107699963264167
1472	36.8	-0.0971780193503946	-0.0107699963264167
1473	36.825	-0.0958883473649621	-0.0107699963264167
1474	36.85	-0.0984676913358271	-0.00948032434098423
1475	36.875	-0.0933090033940971	-0.00948032434098423
1476	36.9	-0.0920193314086646	-0.00948032434098423
1477	36.925	-0.0945986753795296	-0.00948032434098423
1478	36.95	-0.0958883473649621	-0.00819065235555172
1479	36.975	-0.0945986753795296	-0.00819065235555172
1480	37	-0.0971780193503946	-0.00690098037011921
1481	37.025	-0.0933090033940971	-0.00690098037011921
1482	37.05	-0.0945986753795296	-0.00690098037011921
1483	37.075	-0.0945986753795296	-0.00561130838468671
1484	37.1	-0.0945986753795296	-0.00561130838468671
1485	37.125	-0.0971780193503946	-0.00561130838468671
1486	37.15	-0.0958883473649621	-0.00561130838468671
1487	37.175	-0.0984676913358271	-0.0043216363992542
1488	37.2	-0.0971780193503946	-0.0043216363992542
1489	37.225	-0.0984676913358271	-0.0043216363992542
1490	37.25	-0.0984676913358271	-0.0043216363992542
1491	37.275	-0.101047035306692	-0.0030319644138217
1492	37.3	-0.0997573633212596	-0.0043216363992542
1493	37.325	-0.0971780193503946	-0.0030319644138217
1494	37.35	-0.0984676913358271	-0.0030319644138217
1495	37.375	-0.101047035306692	-0.00174229242838919
1496	37.4	-0.103626379277557	-0.00174229242838919
1497	37.425	-0.101047035306692	-0.00174229242838919
1498	37.45	-0.103626379277557	-0.00174229242838919
1499	37.475	-0.101047035306692	-0.000452620442956686
1500	37.5	-0.10491605126299	-0.000452620442956686
1501	37.525	-0.103626379277557	-0.000452620442956686
1502	37.55	-0.106205723248422	-0.000452620442956686
1503	37.575	-0.10491605126299	-0.000452620442956686
1504	37.6	-0.10491605126299	0.00083705154247582
1505	37.625	-0.107495395233855	0.00083705154247582
1506	37.65	-0.107495395233855	0.00083705154247582
1507	37.675	-0.11007473920472	0.00212672352790833
1508	37.7	-0.112654083175585	0.00212672352790833
1509	37.725	-0.107495395233855	0.00212672352790833
1510	37.75	-0.107495395233855	0.00212672352790833
1511	37.775	-0.11007473920472	0.00212672352790833
1512	37.8	-0.108785067219287	0.00341639551334083
1513	37.825	-0.11007473920472	0.00341639551334083
1514	37.85	-0.111364411190152	0.00341639551334083
1515	37.875	-0.111364411190152	0.00341639551334083
1516	37.9	-0.113943755161017	0.00470606749877334
1517	37.925	-0.108785067219287	0.00341639551334083
1518	37.95	-0.111364411190152	0.00341639551334083
1519	37.975	-0.113943755161017	0.00470606749877334
1520	38	-0.116523099131882	0.00341639551334083
1521	38.025	-0.11007473920472	0.00470606749877334
1522	38.05	-0.111364411190152	0.00470606749877334
1523	38.075	-0.116523099131882	0.00599573948420584
1524	38.1	-0.113943755161017	0.00599573948420584
1525	38.125	-0.11007473920472	0.00599573948420584
1526	38.15	-0.112654083175585	0.00599573948420584
1527	38.175	-0.116523099131882	0.00599573948420584
1528	38.2	-0.113943755161017	0.00599573948420584
1529	38.225	-0.116523099131882	0.00599573948420584
1530	38.25	-0.113943755161017	0.00728541146963835
1531	38.275	-0.117812771117315	0.00728541146963835
1532	38.3	-0.11523342714645	0.00728541146963835
1533	38.325	-0.111364411190152	0.00599573948420584
1534	38.35	-0.11523342714645	0.00728541146963835
1535	38.375	-0.11523342714645	0.00728541146963835
1536	38.4	-0.113943755161017	0.00728541146963835
1537	38.425	-0.113943755161017	0.00857508345507085
1538	38.45	-0.113943755161017	0.00857508345507085
1539	38.475	-0.112654083175585	0.00857508345507085
1540	38.5	-0.11523342714645	0.00857508345507085
1541	38.525	-0.111364411190152	0.00857508345507085
1542	38.55	-0.113943755161017	0.00857508345507085
1543	38.575	-0.11007473920472	0.00986475544050336
1544	38.6	-0.11523342714645	0.00986475544050336
1545	38.625	-0.108785067219287	0.00986475544050336
1546	38.65	-0.113943755161017	0.00986475544050336
1547	38.675	-0.111364411190152	0.00986475544050336
1548	38.7	-0.11007473920472	0.00986475544050336
1549	38.725	-0.106205723248422	0.0111544274259359
1550	38.75	-0.108785067219287	0.0111544274259359
1551	38.775	-0.107495395233855	0.0111544274259359
1552	38.8	-0.10491605126299	0.0111544274259359
1553	38.825	-0.10491605126299	0.0111544274259359
1554	38.85	-0.107495395233855	0.0111544274259359
1555	38.875	-0.107495395233855	0.0124440994113684
1556	38.9	-0.102336707292125	0.0124440994113684
1557	38.925	-0.10491605126299	0.0124440994113684
1558	38.95	-0.10491605126299	0.0124440994113684
1559	38.975	-0.103626379277557	0.0124440994113684
1560	39	-0.103626379277557	0.0137337713968009
1561	39.025	-0.101047035306692	0.0124440994113684
1562	39.05	-0.101047035306692	0.0137337713968009
1563	39.075	-0.0997573633212596	0.0137337713968009
1564	39.1	-0.0971780193503946	0.0137337713968009
1565	39.125	-0.0958883473649621	0.0137337713968009
1566	39.15	-0.0984676913358271	0.0137337713968009
1567	39.175	-0.0945986753795296	0.0137337713968009
1568	39.2	-0.0971780193503946	0.0137337713968009
1569	39.225	-0.0945986753795296	0.0150234433822334
1570	39.25	-0.0958883473649621	0.0150234433822334
1571	39.275	-0.0933090033940971	0.0150234433822334
1572	39.3	-0.0933090033940971	0.0163131153676659
1573	39.325	-0.0933090033940971	0.0163131153676659
1574	39.35	-0.0945986753795296	0.0163131153676659
1575	39.375	-0.0894399874377996	0.0163131153676659
1576	39.4	-0.0958883473649621	0.0163131153676659
1577	39.425	-0.0920193314086646	0.0163131153676659
1578	39.45	-0.0933090033940971	0.0176027873530984
1579	39.475	-0.0920193314086646	0.0176027873530984
1580	39.5	-0.0894399874377996	0.0176027873530984
1581	39.525	-0.0894399874377996	0.0176027873530984
1582	39.55	-0.0933090033940971	0.0176027873530984
1583	39.575	-0.0907296594232321	0.0188924593385309
1584	39.6	-0.0894399874377996	0.0188924593385309
1585	39.625	-0.0907296594232321	0.0188924593385309
1586	39.65	-0.0907296594232321	0.0188924593385309
1587	39.675	-0.0881503154523671	0.0188924593385309
1588	39.7	-0.0907296594232321	0.0188924593385309
1589	39.725	-0.0842812994960696	0.0188924593385309
1590	39.75	-0.0907296594232321	0.0201821313239634
1591	39.775	-0.0881503154523671	0.0201821313239634
1592	39.8	-0.0894399874377996	0.0201821313239634
1593	39.825	-0.0868606434669346	0.0201821313239634
1594	39.85	-0.0894399874377996	0.0201821313239634
1595	39.875	-0.0881503154523671	0.0214718033093959
1596	39.9	-0.0920193314086646	0.0214718033093959
1597	39.925	-0.0894399874377996	0.0214718033093959
1598	39.95	-0.0920193314086646	0.0227614752948284
1599	39.975	-0.0868606434669346	0.0227614752948284
1600	40	-0.0894399874377996	0.0214718033093959
1601	40.025	-0.0894399874377996	0.0240511472802609
1602	40.05	-0.0920193314086646	0.0240511472802609
1603	40.075	-0.0933090033940971	0.0240511472802609
1604	40.1	-0.0958883473649621	0.0240511472802609
1605	40.125	-0.0958883473649621	0.0240511472802609
1606	40.15	-0.0958883473649621	0.0253408192656934
1607	40.175	-0.0933090033940971	0.0253408192656934
1608	40.2	-0.0971780193503946	0.0253408192656934
1609	40.225	-0.0971780193503946	0.0253408192656934
1610	40.25	-0.0984676913358271	0.0266304912511259
1611	40.275	-0.0971780193503946	0.0266304912511259
1612	40.3	-0.101047035306692	0.0266304912511259
1613	40.325	-0.0958883473649621	0.0266304912511259
1614	40.35	-0.0997573633212596	0.0279201632365584
1615	40.375	-0.0971780193503946	0.0279201632365584
1616	40.4	-0.102336707292125	0.0279201632365584
1617	40.425	-0.0984676913358271	0.0279201632365584
1618	40.45	-0.103626379277557	0.0292098352219909
1619	40.475	-0.0997573633212596	0.0292098352219909
1620	40.5	-0.103626379277557	0.0292098352219909
1621	40.525	-0.103626379277557	0.0292098352219909
1622	40.55	-0.106205723248422	0.0304995072074234
1623	40.575	-0.102336707292125	0.0304995072074234
1624	40.6	-0.10491605126299	0.0304995072074234
1625	40.625	-0.106205723248422	0.0304995072074234
1626	40.65	-0.106205723248422	0.031789179192856
1627	40.675	-0.107495395233855	0.031789179192856
1628	40.7	-0.107495395233855	0.031789179192856
1629	40.725	-0.106205723248422	0.031789179192856
1630	40.75	-0.108785067219287	0.031789179192856
1631	40.775	-0.106205723248422	0.031789179192856
1632	40.8	-0.106205723248422	0.0330788511782885
1633	40.825	-0.103626379277557	0.0330788511782885
1634	40.85	-0.108785067219287	0.0330788511782885
1635	40.875	-0.107495395233855	0.0330788511782885
1636	40.9	-0.107495395233855	0.0330788511782885
1637	40.925	-0.103626379277557	0.034368523163721
1638	40.95	-0.10491605126299	0.034368523163721
1639	40.975	-0.106205723248422	0.034368523163721
1640	41	-0.107495395233855	0.0356581951491535
1641	41.025	-0.106205723248422	0.034368523163721
1642	41.05	-0.106205723248422	0.0356581951491535
1643	41.075	-0.10491605126299	0.0356581951491535
1644	41.1	-0.103626379277557	0.036947867134586
1645	41.125	-0.10491605126299	0.0356581951491535
1646	41.15	-0.10491605126299	0.0356581951491535
1647	41.175	-0.102336707292125	0.0382375391200185
1648	41.2	-0.102336707292125	0.036947867134586
1649	41.225	-0.0984676913358271	0.036947867134586
1650	41.25	-0.101047035306692	0.036947867134586
1651	41.275	-0.101047035306692	0.0382375391200185
1652	41.3	-0.103626379277557	0.036947867134586
1653	41.325	-0.0971780193503946	0.0382375391200185
1654	41.35	-0.101047035306692	0.0382375391200185
1655	41.375	-0.102336707292125	0.039527211105451
1656	41.4	-0.0984676913358271	0.039527211105451
1657	41.425	-0.0971780193503946	0.039527211105451
1658	41.45	-0.0997573633212596	0.039527211105451
1659	41.475	-0.0958883473649621	0.039527211105451
1660	41.5	-0.0971780193503946	0.0408168830908835
1661	41.525	-0.0933090033940971	0.0408168830908835
1662	41.55	-0.0958883473649621	0.0408168830908835
1663	41.575	-0.0920193314086646	0.0408168830908835
1664	41.6	-0.0920193314086646	0.042106555076316
1665	41.625	-0.0907296594232321	0.042106555076316
1666	41.65	-0.0920193314086646	0.042106555076316
1667	41.675	-0.0894399874377996	0.042106555076316
1668	41.7	-0.0920193314086646	0.042106555076316
1669	41.725	-0.0894399874377996	0.0433962270617485
1670	41.75	-0.0920193314086646	0.0433962270617485
1671	41.775	-0.0907296594232321	0.0433962270617485
1672	41.8	-0.0894399874377996	0.0433962270617485
1673	41.825	-0.0881503154523671	0.044685899047181
1674	41.85	-0.0894399874377996	0.044685899047181
1675	41.875	-0.0842812994960696	0.0459755710326135
1676	41.9	-0.0868606434669346	0.044685899047181
1677	41.925	-0.0868606434669346	0.0459755710326135
1678	41.95	-0.0868606434669346	0.0459755710326135
1679	41.975	-0.0842812994960696	0.0459755710326135
1680	42	-0.0855709714815021	0.0459755710326135
1681	42.025	-0.0817019555252045	0.0459755710326135
1682	42.05	-0.0855709714815021	0.047265243018046
1683	42.075	-0.0817019555252045	0.047265243018046
1684	42.1	-0.0817019555252045	0.047265243018046
1685	42.125	-0.0791226115543395	0.047265243018046
1686	42.15	-0.082991627510637	0.047265243018046
1687	42.175	-0.080412283539772	0.0485549150034785
1688	42.2	-0.080412283539772	0.0485549150034785
1689	42.225	-0.0791226115543395	0.0485549150034785
1690	42.25	-0.0817019555252045	0.049844586988911
1691	42.275	-0.0791226115543395	0.049844586988911
1692	42.3	-0.0791226115543395	0.049844586988911
1693	42.325	-0.0791226115543395	0.049844586988911
1694	42.35	-0.080412283539772	0.049844586988911
1695	42.375	-0.0765432675834745	0.0511342589743435
1696	42.4	-0.077832939568907	0.0511342589743435
1697	42.425	-0.077832939568907	0.0511342589743435
1698	42.45	-0.075253595598042	0.052423930959776
1699	42.475	-0.0765432675834745	0.052423930959776
1700	42.5	-0.075253595598042	0.052423930959776
1701	42.525	-0.075253595598042	0.052423930959776
1702	42.55	-0.0765432675834745	0.052423930959776
1703	42.575	-0.072674251627177	0.0537136029452085
1704	42.6	-0.075253595598042	0.0537136029452085
1705	42.625	-0.070094907656312	0.0537136029452085
1706	42.65	-0.072674251627177	0.0550032749306411
1707	42.675	-0.070094907656312	0.0537136029452085
1708	42.7	-0.0739639236126095	0.0550032749306411
1709	42.725	-0.0688052356708795	0.0562929469160736
1710	42.75	-0.072674251627177	0.0562929469160736
1711	42.775	-0.0688052356708795	0.0562929469160736
1712	42.8	-0.0713845796417445	0.0562929469160736
1713	42.825	-0.0688052356708795	0.0562929469160736
1714	42.85	-0.0713845796417445	0.0575826189015061
1715	42.875	-0.0713845796417445	0.0575826189015061
1716	42.9	-0.070094907656312	0.0575826189015061
1717	42.925	-0.067515563685447	0.0575826189015061
1718	42.95	-0.070094907656312	0.0588722908869386
1719	42.975	-0.067515563685447	0.0575826189015061
1720	43	-0.0688052356708795	0.0588722908869386
1721	43.025	-0.070094907656312	0.0588722908869386
1722	43.05	-0.070094907656312	0.0588722908869386
1723	43.075	-0.067515563685447	0.0588722908869386
1724	43.1	-0.0688052356708795	0.0601619628723711
1725	43.125	-0.067515563685447	0.0601619628723711
1726	43.15	-0.067515563685447	0.0614516348578036
1727	43.175	-0.067515563685447	0.0614516348578036
1728	43.2	-0.064936219714582	0.0614516348578036
1729	43.225	-0.0662258917000145	0.0614516348578036
1730	43.25	-0.067515563685447	0.0614516348578036
1731	43.275	-0.0688052356708795	0.0614516348578036
1732	43.3	-0.067515563685447	0.0614516348578036
1733	43.325	-0.064936219714582	0.0627413068432361
1734	43.35	-0.0662258917000145	0.0627413068432361
1735	43.375	-0.067515563685447	0.0627413068432361
1736	43.4	-0.0662258917000145	0.0627413068432361
1737	43.425	-0.067515563685447	0.0627413068432361
1738	43.45	-0.064936219714582	0.0627413068432361
1739	43.475	-0.064936219714582	0.0640309788286686
1740	43.5	-0.064936219714582	0.0640309788286686
1741	43.525	-0.064936219714582	0.0640309788286686
1742	43.55	-0.0662258917000145	0.0640309788286686
1743	43.575	-0.0662258917000145	0.0640309788286686
1744	43.6	-0.064936219714582	0.0653206508141011
1745	43.625	-0.0662258917000145	0.0653206508141011
1746	43.65	-0.067515563685447	0.0666103227995336
1747	43.675	-0.0636465477291495	0.0653206508141011
1748	43.7	-0.0662258917000145	0.0666103227995336
1749	43.725	-0.064936219714582	0.0666103227995336
1750	43.75	-0.0662258917000145	0.0666103227995336
1751	43.775	-0.0662258917000145	0.0666103227995336
1752	43.8	-0.067515563685447	0.0678999947849661
1753	43.825	-0.062356875743717	0.0678999947849661
1754	43.85	-0.0662258917000145	0.0678999947849661
1755	43.875	-0.067515563685447	0.0691896667703986
1756	43.9	-0.0688052356708795	0.0691896667703986
1757	43.925	-0.067515563685447	0.0691896667703986
1758	43.95	-0.070094907656312	0.0691896667703986
1759	43.975	-0.070094907656312	0.0704793387558311
1760	44	-0.0688052356708795	0.0704793387558311
1761	44.025	-0.070094907656312	0.0704793387558311
1762	44.05	-0.070094907656312	0.0717690107412636
1763	44.075	-0.070094907656312	0.0704793387558311
1764	44.1	-0.0713845796417445	0.0717690107412636
1765	44.125	-0.0688052356708795	0.0730586827266961
1766	44.15	-0.0713845796417445	0.0730586827266961
1767	44.175	-0.067515563685447	0.0730586827266961
1768	44.2	-0.0713845796417445	0.0730586827266961
1769	44.225	-0.0713845796417445	0.0730586827266961
1770	44.25	-0.070094907656312	0.0743483547121286
1771	44.275	-0.070094907656312	0.0743483547121286
1772	44.3	-0.070094907656312	0.0743483547121286
1773	44.325	-0.0713845796417445	0.0743483547121286
1774	44.35	-0.0713845796417445	0.0756380266975611
1775	44.375	-0.0688052356708795	0.0743483547121286
1776	44.4	-0.070094907656312	0.0756380266975611
1777	44.425	-0.070094907656312	0.0756380266975611
1778	44.45	-0.072674251627177	0.0756380266975611
1779	44.475	-0.070094907656312	0.0769276986829937
1780	44.5	-0.072674251627177	0.0769276986829937
1781	44.525	-0.067515563685447	0.0769276986829937
1782	44.55	-0.070094907656312	0.0782173706684262
1783	44.575	-0.070094907656312	0.0769276986829937
1784	44.6	-0.070094907656312	0.0782173706684262
1785	44.625	-0.070094907656312	0.0782173706684262
1786	44.65	-0.0713845796417445	0.0782173706684262
1787	44.675	-0.070094907656312	0.0782173706684262
1788	44.7	-0.0713845796417445	0.0782173706684262
1789	44.725	-0.0688052356708795	0.0795070426538587
1790	44.75	-0.072674251627177	0.0782173706684262
1791	44.775	-0.070094907656312	0.0795070426538587
1792	44.8	-0.072674251627177	0.0795070426538587
1793	44.825	-0.0688052356708795	0.0795070426538587
1794	44.85	-0.070094907656312	0.0795070426538587
1795	44.875	-0.0688052356708795	0.0795070426538587
1796	44.9	-0.0713845796417445	0.0807967146392912
1797	44.925	-0.0688052356708795	0.0795070426538587
1798	44.95	-0.070094907656312	0.0795070426538587
1799	44.975	-0.070094907656312	0.0795070426538587
1800	45	-0.070094907656312	0.0795070426538587
1801	45.025	-0.070094907656312	0.0795070426538587
1802	45.05	-0.072674251627177	0.0795070426538587
1803	45.075	-0.070094907656312	0.0795070426538587
1804	45.1	-0.070094907656312	0.0807967146392912
1805	45.125	-0.070094907656312	0.0795070426538587
1806	45.15	-0.0739639236126095	0.0807967146392912
1807	45.175	-0.0688052356708795	0.0795070426538587
1808	45.2	-0.0713845796417445	0.0795070426538587
1809	45.225	-0.0713845796417445	0.0807967146392912
1810	45.25	-0.072674251627177	0.0807967146392912
1811	45.275	-0.0688052356708795	0.0807967146392912
1812	45.3	-0.070094907656312	0.0807967146392912
1813	45.325	-0.0688052356708795	0.0807967146392912
1814	45.35	-0.072674251627177	0.0807967146392912
1815	45.375	-0.070094907656312	0.0807967146392912
1816	45.4	-0.0688052356708795	0.0807967146392912
1817	45.425	-0.0713845796417445	0.0807967146392912
1818	45.45	-0.0713845796417445	0.0807967146392912
1819	45.475	-0.0713845796417445	0.0807967146392912
1820	45.5	-0.0713845796417445	0.0807967146392912
1821	45.525	-0.0713845796417445	0.0807967146392912
1822	45.55	-0.0713845796417445	0.0807967146392912
1823	45.575	-0.067515563685447	0.0807967146392912
1824	45.6	-0.0713845796417445	0.0807967146392912
1825	45.625	-0.067515563685447	0.0807967146392912
1826	45.65	-0.0713845796417445	0.0807967146392912
1827	45.675	-0.067515563685447	0.0807967146392912
1828	45.7	-0.0713845796417445	0.0807967146392912
1829	45.725	-0.0713845796417445	0.0807967146392912
1830	45.75	-0.0688052356708795	0.0807967146392912
1831	45.775	-0.070094907656312	0.0807967146392912
1832	45.8	-0.070094907656312	0.0807967146392912
1833	45.825	-0.070094907656312	0.0807967146392912
1834	45.85	-0.070094907656312	0.0807967146392912
1835	45.875	-0.0688052356708795	0.0807967146392912
1836	45.9	-0.070094907656312	0.0820863866247237
1837	45.925	-0.0688052356708795	0.0807967146392912
1838	45.95	-0.072674251627177	0.0807967146392912
1839	45.975	-0.0688052356708795	0.0807967146392912
1840	46	-0.070094907656312	0.0807967146392912
1841	46.025	-0.0688052356708795	0.0807967146392912
1842	46.05	-0.070094907656312	0.0807967146392912
1843	46.075	-0.072674251627177	0.0807967146392912
1844	46.1	-0.0688052356708795	0.0807967146392912
1845	46.125	-0.067515563685447	0.0807967146392912
1846	46.15	-0.0713845796417445	0.0820863866247237
1847	46.175	-0.070094907656312	0.0807967146392912
1848	46.2	-0.072674251627177	0.0807967146392912
1849	46.225	-0.0688052356708795	0.0807967146392912
1850	46.25	-0.0713845796417445	0.0807967146392912
1851	46.275	-0.0713845796417445	0.0820863866247237
1852	46.3	-0.070094907656312	0.0807967146392912
1853	46.325	-0.0688052356708795	0.0807967146392912
1854	46.35	-0.0713845796417445	0.0807967146392912
1855	46.375	-0.0688052356708795	0.0820863866247237
1856	46.4	-0.072674251627177	0.0807967146392912
1857	46.425	-0.0688052356708795	0.0807967146392912
1858	46.45	-0.0713845796417445	0.0807967146392912
1859	46.475	-0.070094907656312	0.0807967146392912
1860	46.5	-0.0713845796417445	0.0807967146392912
1861	46.525	-0.070094907656312	0.0807967146392912
1862	46.55	-0.070094907656312	0.0807967146392912
1863	46.575	-0.0688052356708795	0.0807967146392912
