Number of measurement points: 1000
Sample Rate (Hz): 10
Low limit Ch0 (V): -10
Upper limit Ch0 (V): 10
Low limit Ch1 (V): -10
Upper limit Ch1 (V): 10

Index	Time[s]	Ch0[V]	Ch1[V]
0	0	-0.00174229242838919	0.822358106262982
1	0.1	-0.000452620442956686	0.822358106262982
2	0.2	-0.00174229242838919	0.822358106262982
3	0.3	-0.00174229242838919	0.822358106262982
4	0.4	-0.00174229242838919	0.822358106262982
5	0.5	-0.00174229242838919	0.822358106262982
6	0.6	-0.000452620442956686	0.822358106262982
7	0.7	-0.000452620442956686	0.822358106262982
8	0.8	-0.00174229242838919	0.822358106262982
9	0.9	-0.00174229242838919	0.822358106262982
10	1	-0.00174229242838919	0.822358106262982
11	1.1	-0.000452620442956686	0.821068434277549
12	1.2	-0.00174229242838919	0.822358106262982
13	1.3	-0.00174229242838919	0.822358106262982
14	1.4	-0.00174229242838919	0.822358106262982
15	1.5	-0.00174229242838919	0.821068434277549
16	1.6	-0.00174229242838919	0.822358106262982
17	1.7	-0.00174229242838919	0.821068434277549
18	1.8	-0.00174229242838919	0.821068434277549
19	1.9	-0.00174229242838919	0.819778762292117
20	2	-0.00174229242838919	0.818489090306684
21	2.1	-0.00174229242838919	0.817199418321252
22	2.2	-0.00174229242838919	0.815909746335819
23	2.3	-0.00174229242838919	0.815909746335819
24	2.4	-0.000452620442956686	0.813330402364954
25	2.5	-0.00174229242838919	0.812040730379522
26	2.6	-0.00174229242838919	0.812040730379522
27	2.7	-0.00174229242838919	0.810751058394089
28	2.8	-0.00174229242838919	0.809461386408657
29	2.9	-0.00174229242838919	0.808171714423224
30	3	-0.000452620442956686	0.806882042437792
31	3.1	-0.000452620442956686	0.805592370452359
32	3.2	-0.00174229242838919	0.804302698466927
33	3.3	-0.00174229242838919	0.803013026481494
34	3.4	-0.000452620442956686	0.801723354496062
35	3.5	-0.000452620442956686	0.799144010525197
36	3.6	-0.00174229242838919	0.797854338539764
37	3.7	-0.00174229242838919	0.796564666554332
38	3.8	-0.00174229242838919	0.795274994568899
39	3.9	-0.00174229242838919	0.793985322583467
40	4	-0.00174229242838919	0.791405978612602
41	4.1	-0.00174229242838919	0.790116306627169
42	4.2	-0.00174229242838919	0.788826634641737
43	4.3	-0.00174229242838919	0.787536962656304
44	4.4	-0.000452620442956686	0.786247290670872
45	4.5	-0.00174229242838919	0.783667946700007
46	4.6	-0.00174229242838919	0.782378274714574
47	4.7	-0.00174229242838919	0.782378274714574
48	4.8	-0.000452620442956686	0.781088602729142
49	4.9	-0.000452620442956686	0.779798930743709
50	5	-0.000452620442956686	0.778509258758277
51	5.1	-0.000452620442956686	0.777219586772844
52	5.2	-0.000452620442956686	0.775929914787412
53	5.3	-0.00174229242838919	0.774640242801979
54	5.4	-0.00174229242838919	0.772060898831114
55	5.5	-0.000452620442956686	0.770771226845682
56	5.6	-0.000452620442956686	0.769481554860249
57	5.7	-0.00174229242838919	0.766902210889384
58	5.8	-0.00174229242838919	0.765612538903952
59	5.9	-0.000452620442956686	0.765612538903952
60	6	-0.00174229242838919	0.763033194933087
61	6.1	-0.000452620442956686	0.761743522947654
62	6.2	-0.00174229242838919	0.760453850962222
63	6.3	-0.000452620442956686	0.759164178976789
64	6.4	-0.00174229242838919	0.757874506991357
65	6.5	-0.000452620442956686	0.756584835005924
66	6.6	-0.000452620442956686	0.755295163020492
67	6.7	-0.000452620442956686	0.755295163020492
68	6.8	-0.00174229242838919	0.754005491035059
69	6.9	-0.000452620442956686	0.752715819049627
70	7	-0.00174229242838919	0.751426147064194
71	7.1	-0.00174229242838919	0.750136475078762
72	7.2	-0.000452620442956686	0.750136475078762
73	7.3	-0.000452620442956686	0.748846803093329
74	7.4	-0.000452620442956686	0.747557131107897
75	7.5	-0.000452620442956686	0.746267459122464
76	7.6	-0.000452620442956686	0.746267459122464
77	7.7	-0.000452620442956686	0.744977787137032
78	7.8	-0.000452620442956686	0.743688115151599
79	7.9	-0.000452620442956686	0.742398443166167
80	8	-0.00174229242838919	0.741108771180734
81	8.1	-0.00174229242838919	0.741108771180734
82	8.2	-0.000452620442956686	0.738529427209869
83	8.3	-0.00174229242838919	0.738529427209869
84	8.4	-0.00174229242838919	0.737239755224437
85	8.5	-0.000452620442956686	0.735950083239004
86	8.6	-0.000452620442956686	0.734660411253572
87	8.7	-0.00174229242838919	0.734660411253572
88	8.8	-0.000452620442956686	0.732081067282706
89	8.9	-0.000452620442956686	0.730791395297274
90	9	-0.00174229242838919	0.729501723311841
91	9.1	-0.000452620442956686	0.729501723311841
92	9.2	-0.000452620442956686	0.726922379340976
93	9.3	-0.00174229242838919	0.726922379340976
94	9.4	-0.000452620442956686	0.726922379340976
95	9.5	-0.000452620442956686	0.724343035370111
96	9.6	-0.00174229242838919	0.723053363384679
97	9.7	-0.00174229242838919	0.721763691399246
98	9.8	-0.00174229242838919	0.721763691399246
99	9.9	-0.000452620442956686	0.721763691399246
100	10	-0.000452620442956686	0.720474019413814
101	10.1	-0.000452620442956686	0.719184347428381
102	10.2	-0.000452620442956686	0.719184347428381
103	10.3	-0.00174229242838919	0.717894675442949
104	10.4	-0.00174229242838919	0.716605003457516
105	10.5	-0.00174229242838919	0.716605003457516
106	10.6	-0.00174229242838919	0.715315331472084
107	10.7	-0.00174229242838919	0.714025659486651
108	10.8	-0.00174229242838919	0.714025659486651
109	10.9	-0.00174229242838919	0.712735987501219
110	11	-0.00174229242838919	0.711446315515786
111	11.1	-0.00174229242838919	0.710156643530354
112	11.2	-0.00174229242838919	0.710156643530354
113	11.3	-0.00174229242838919	0.708866971544921
114	11.4	-0.00174229242838919	0.707577299559489
115	11.5	-0.00174229242838919	0.706287627574056
116	11.6	-0.00174229242838919	0.706287627574056
117	11.7	-0.000452620442956686	0.704997955588624
118	11.8	-0.00174229242838919	0.703708283603191
119	11.9	-0.00174229242838919	0.702418611617759
120	12	-0.00174229242838919	0.701128939632326
121	12.1	-0.00174229242838919	0.701128939632326
122	12.2	-0.000452620442956686	0.699839267646894
123	12.3	-0.000452620442956686	0.699839267646894
124	12.4	-0.00174229242838919	0.697259923676029
125	12.5	-0.00174229242838919	0.697259923676029
126	12.6	-0.000452620442956686	0.695970251690596
127	12.7	-0.00174229242838919	0.694680579705164
128	12.8	-0.00174229242838919	0.694680579705164
129	12.9	-0.000452620442956686	0.693390907719731
130	13	-0.00174229242838919	0.693390907719731
131	13.1	-0.00174229242838919	0.692101235734299
132	13.2	-0.00174229242838919	0.692101235734299
133	13.3	-0.000452620442956686	0.692101235734299
134	13.4	-0.000452620442956686	0.690811563748866
135	13.5	-0.00174229242838919	0.689521891763434
136	13.6	-0.00174229242838919	0.689521891763434
137	13.7	-0.00174229242838919	0.688232219778001
138	13.8	-0.000452620442956686	0.688232219778001
139	13.9	-0.00174229242838919	0.688232219778001
140	14	-0.00174229242838919	0.686942547792569
141	14.1	-0.00174229242838919	0.686942547792569
142	14.2	-0.000452620442956686	0.685652875807136
143	14.3	-0.00174229242838919	0.685652875807136
144	14.4	-0.00174229242838919	0.685652875807136
145	14.5	-0.00174229242838919	0.684363203821704
146	14.6	-0.00174229242838919	0.683073531836271
147	14.7	-0.00174229242838919	0.683073531836271
148	14.8	-0.00174229242838919	0.680494187865406
149	14.9	-0.00174229242838919	0.679204515879974
150	15	-0.00174229242838919	0.677914843894541
151	15.1	-0.00174229242838919	0.677914843894541
152	15.2	-0.00174229242838919	0.675335499923676
153	15.3	-0.00174229242838919	0.675335499923676
154	15.4	-0.00174229242838919	0.674045827938244
155	15.5	-0.00174229242838919	0.672756155952811
156	15.6	-0.00174229242838919	0.671466483967379
157	15.7	-0.00174229242838919	0.670176811981946
158	15.8	-0.00174229242838919	0.668887139996514
159	15.9	-0.00174229242838919	0.667597468011081
160	16	-0.0030319644138217	0.667597468011081
161	16.1	-0.00174229242838919	0.666307796025649
162	16.2	-0.00174229242838919	0.665018124040216
163	16.3	-0.00174229242838919	0.663728452054784
164	16.4	-0.00174229242838919	0.662438780069351
165	16.5	-0.00174229242838919	0.661149108083919
166	16.6	-0.00174229242838919	0.661149108083919
167	16.7	-0.00174229242838919	0.659859436098486
168	16.8	-0.00174229242838919	0.658569764113054
169	16.9	-0.0030319644138217	0.657280092127621
170	17	-0.00174229242838919	0.655990420142189
171	17.1	-0.00174229242838919	0.654700748156756
172	17.2	-0.00174229242838919	0.653411076171324
173	17.3	-0.00174229242838919	0.652121404185891
174	17.4	-0.00174229242838919	0.650831732200459
175	17.5	-0.00174229242838919	0.649542060215026
176	17.6	-0.00174229242838919	0.648252388229594
177	17.7	-0.00174229242838919	0.646962716244161
178	17.8	-0.00174229242838919	0.645673044258729
179	17.9	-0.00174229242838919	0.644383372273296
180	18	-0.00174229242838919	0.644383372273296
181	18.1	-0.00174229242838919	0.643093700287864
182	18.2	-0.000452620442956686	0.641804028302431
183	18.3	-0.00174229242838919	0.640514356316999
184	18.4	-0.00174229242838919	0.639224684331566
185	18.5	-0.00174229242838919	0.637935012346134
186	18.6	-0.00174229242838919	0.637935012346134
187	18.7	-0.00174229242838919	0.636645340360701
188	18.8	-0.00174229242838919	0.635355668375269
189	18.9	-0.00174229242838919	0.634065996389836
190	19	-0.00174229242838919	0.632776324404404
191	19.1	-0.00174229242838919	0.631486652418971
192	19.2	-0.00174229242838919	0.631486652418971
193	19.3	-0.000452620442956686	0.630196980433539
194	19.4	-0.00174229242838919	0.628907308448106
195	19.5	-0.00174229242838919	0.627617636462674
196	19.6	-0.00174229242838919	0.626327964477241
197	19.7	-0.00174229242838919	0.625038292491809
198	19.8	-0.00174229242838919	0.625038292491809
199	19.9	-0.00174229242838919	0.623748620506376
200	20	-0.00174229242838919	0.622458948520944
201	20.1	-0.00174229242838919	0.621169276535511
202	20.2	-0.00174229242838919	0.619879604550079
203	20.3	-0.00174229242838919	0.619879604550079
204	20.4	-0.00174229242838919	0.618589932564646
205	20.5	-0.00174229242838919	0.617300260579214
206	20.6	-0.00174229242838919	0.616010588593781
207	20.7	-0.0030319644138217	0.614720916608348
208	20.8	-0.00174229242838919	0.613431244622916
209	20.9	-0.00174229242838919	0.612141572637483
210	21	-0.0030319644138217	0.612141572637483
211	21.1	-0.00174229242838919	0.612141572637483
212	21.2	-0.00174229242838919	0.610851900652051
213	21.3	-0.00174229242838919	0.609562228666618
214	21.4	-0.00174229242838919	0.609562228666618
215	21.5	-0.00174229242838919	0.608272556681186
216	21.6	-0.0030319644138217	0.606982884695753
217	21.7	-0.00174229242838919	0.605693212710321
218	21.8	-0.0030319644138217	0.604403540724888
219	21.9	-0.00174229242838919	0.604403540724888
220	22	-0.00174229242838919	0.601824196754023
221	22.1	-0.00174229242838919	0.601824196754023
222	22.2	-0.00174229242838919	0.600534524768591
223	22.3	-0.0030319644138217	0.599244852783158
224	22.4	-0.00174229242838919	0.597955180797726
225	22.5	-0.00174229242838919	0.597955180797726
226	22.6	-0.0030319644138217	0.596665508812293
227	22.7	-0.0030319644138217	0.595375836826861
228	22.8	-0.00174229242838919	0.594086164841428
229	22.9	-0.0030319644138217	0.592796492855996
230	23	-0.0030319644138217	0.591506820870563
231	23.1	-0.0030319644138217	0.590217148885131
232	23.2	-0.0030319644138217	0.590217148885131
233	23.3	-0.0030319644138217	0.587637804914266
234	23.4	-0.00174229242838919	0.586348132928833
235	23.5	-0.0030319644138217	0.586348132928833
236	23.6	-0.00174229242838919	0.585058460943401
237	23.7	-0.00174229242838919	0.585058460943401
238	23.8	-0.00174229242838919	0.585058460943401
239	23.9	-0.0030319644138217	0.583768788957968
240	24	-0.00174229242838919	0.582479116972536
241	24.1	-0.00174229242838919	0.582479116972536
242	24.2	-0.00174229242838919	0.581189444987103
243	24.3	-0.00174229242838919	0.579899773001671
244	24.4	-0.00174229242838919	0.578610101016238
245	24.5	-0.0030319644138217	0.577320429030806
246	24.6	-0.00174229242838919	0.576030757045373
247	24.7	-0.00174229242838919	0.576030757045373
248	24.8	-0.0030319644138217	0.574741085059941
249	24.9	-0.00174229242838919	0.573451413074508
250	25	-0.00174229242838919	0.572161741089076
251	25.1	-0.00174229242838919	0.570872069103643
252	25.2	-0.00174229242838919	0.569582397118211
253	25.3	-0.00174229242838919	0.569582397118211
254	25.4	-0.00174229242838919	0.568292725132778
255	25.5	-0.00174229242838919	0.567003053147346
256	25.6	-0.00174229242838919	0.567003053147346
257	25.7	-0.00174229242838919	0.564423709176481
258	25.8	-0.00174229242838919	0.563134037191048
259	25.9	-0.00174229242838919	0.563134037191048
260	26	-0.00174229242838919	0.561844365205616
261	26.1	-0.000452620442956686	0.560554693220183
262	26.2	-0.00174229242838919	0.560554693220183
263	26.3	-0.00174229242838919	0.559265021234751
264	26.4	-0.00174229242838919	0.559265021234751
265	26.5	-0.00174229242838919	0.557975349249318
266	26.6	-0.00174229242838919	0.556685677263886
267	26.7	-0.00174229242838919	0.556685677263886
268	26.8	-0.00174229242838919	0.555396005278453
269	26.9	-0.00174229242838919	0.554106333293021
270	27	-0.000452620442956686	0.552816661307588
271	27.1	-0.00174229242838919	0.551526989322156
272	27.2	-0.00174229242838919	0.550237317336723
273	27.3	-0.00174229242838919	0.548947645351291
274	27.4	-0.00174229242838919	0.547657973365858
275	27.5	-0.00174229242838919	0.546368301380426
276	27.6	-0.00174229242838919	0.545078629394993
277	27.7	-0.00174229242838919	0.543788957409561
278	27.8	-0.00174229242838919	0.542499285424128
279	27.9	-0.00174229242838919	0.541209613438696
280	28	-0.00174229242838919	0.539919941453263
281	28.1	-0.00174229242838919	0.538630269467831
282	28.2	-0.00174229242838919	0.537340597482398
283	28.3	-0.00174229242838919	0.534761253511533
284	28.4	-0.00174229242838919	0.534761253511533
285	28.5	-0.00174229242838919	0.533471581526101
286	28.6	-0.00174229242838919	0.532181909540668
287	28.7	-0.00174229242838919	0.529602565569803
288	28.8	-0.000452620442956686	0.528312893584371
289	28.9	-0.00174229242838919	0.528312893584371
290	29	-0.000452620442956686	0.525733549613506
291	29.1	-0.00174229242838919	0.524443877628073
292	29.2	-0.00174229242838919	0.523154205642641
293	29.3	-0.00174229242838919	0.523154205642641
294	29.4	-0.00174229242838919	0.521864533657208
295	29.5	-0.000452620442956686	0.520574861671776
296	29.6	-0.000452620442956686	0.519285189686343
297	29.7	-0.00174229242838919	0.517995517700911
298	29.8	-0.000452620442956686	0.516705845715478
299	29.9	-0.00174229242838919	0.516705845715478
300	30	-0.00174229242838919	0.515416173730046
301	30.1	-0.00174229242838919	0.514126501744613
302	30.2	-0.000452620442956686	0.512836829759181
303	30.3	-0.00174229242838919	0.511547157773748
304	30.4	-0.00174229242838919	0.511547157773748
305	30.5	-0.00174229242838919	0.508967813802883
306	30.6	-0.000452620442956686	0.508967813802883
307	30.7	-0.00174229242838919	0.507678141817451
308	30.8	-0.000452620442956686	0.506388469832018
309	30.9	-0.00174229242838919	0.505098797846586
310	31	-0.00174229242838919	0.503809125861153
311	31.1	-0.00174229242838919	0.502519453875721
312	31.2	-0.000452620442956686	0.501229781890288
313	31.3	-0.00174229242838919	0.501229781890288
314	31.4	-0.000452620442956686	0.499940109904855
315	31.5	-0.00174229242838919	0.498650437919423
316	31.6	-0.000452620442956686	0.49736076593399
317	31.7	-0.000452620442956686	0.496071093948558
318	31.8	-0.00174229242838919	0.496071093948558
319	31.9	-0.000452620442956686	0.493491749977693
320	32	-0.00174229242838919	0.493491749977693
321	32.1	-0.00174229242838919	0.49220207799226
322	32.2	-0.000452620442956686	0.490912406006828
323	32.3	-0.000452620442956686	0.488333062035963
324	32.4	-0.00174229242838919	0.488333062035963
325	32.5	-0.00174229242838919	0.48704339005053
326	32.6	-0.000452620442956686	0.485753718065098
327	32.7	-0.000452620442956686	0.485753718065098
328	32.8	-0.000452620442956686	0.483174374094233
329	32.9	-0.000452620442956686	0.483174374094233
330	33	-0.00174229242838919	0.4818847021088
331	33.1	-0.00174229242838919	0.480595030123368
332	33.2	-0.00174229242838919	0.479305358137935
333	33.3	-0.00174229242838919	0.479305358137935
334	33.4	-0.000452620442956686	0.478015686152503
335	33.5	-0.00174229242838919	0.478015686152503
336	33.6	-0.00174229242838919	0.47672601416707
337	33.7	-0.00174229242838919	0.475436342181638
338	33.8	-0.000452620442956686	0.474146670196205
339	33.9	-0.00174229242838919	0.472856998210773
340	34	-0.000452620442956686	0.47156732622534
341	34.1	-0.00174229242838919	0.47156732622534
342	34.2	-0.000452620442956686	0.468987982254475
343	34.3	-0.00174229242838919	0.468987982254475
344	34.4	-0.00174229242838919	0.467698310269043
345	34.5	-0.00174229242838919	0.46640863828361
346	34.6	-0.000452620442956686	0.465118966298178
347	34.7	-0.00174229242838919	0.465118966298178
348	34.8	-0.000452620442956686	0.463829294312745
349	34.9	-0.000452620442956686	0.462539622327313
350	35	-0.00174229242838919	0.46124995034188
351	35.1	-0.00174229242838919	0.459960278356448
352	35.2	-0.000452620442956686	0.459960278356448
353	35.3	-0.00174229242838919	0.458670606371015
354	35.4	-0.00174229242838919	0.457380934385583
355	35.5	-0.000452620442956686	0.45609126240015
356	35.6	-0.00174229242838919	0.45609126240015
357	35.7	-0.00174229242838919	0.453511918429285
358	35.8	-0.000452620442956686	0.452222246443853
359	35.9	-0.00174229242838919	0.452222246443853
360	36	-0.00174229242838919	0.449642902472988
361	36.1	-0.00174229242838919	0.449642902472988
362	36.2	-0.00174229242838919	0.448353230487555
363	36.3	-0.00174229242838919	0.447063558502123
364	36.4	-0.00174229242838919	0.44577388651669
365	36.5	-0.00174229242838919	0.44577388651669
366	36.6	-0.00174229242838919	0.444484214531258
367	36.7	-0.00174229242838919	0.443194542545825
368	36.8	-0.00174229242838919	0.441904870560393
369	36.9	-0.00174229242838919	0.44061519857496
370	37	-0.00174229242838919	0.44061519857496
371	37.1	-0.00174229242838919	0.439325526589528
372	37.2	-0.00174229242838919	0.438035854604095
373	37.3	-0.00174229242838919	0.436746182618663
374	37.4	-0.00174229242838919	0.436746182618663
375	37.5	-0.00174229242838919	0.43545651063323
376	37.6	-0.00174229242838919	0.432877166662365
377	37.7	-0.00174229242838919	0.432877166662365
378	37.8	-0.00174229242838919	0.431587494676933
379	37.9	-0.00174229242838919	0.4302978226915
380	38	-0.00174229242838919	0.427718478720635
381	38.1	-0.00174229242838919	0.427718478720635
382	38.2	-0.00174229242838919	0.426428806735203
383	38.3	-0.00174229242838919	0.42513913474977
384	38.4	-0.00174229242838919	0.42513913474977
385	38.5	-0.00174229242838919	0.423849462764338
386	38.6	-0.00174229242838919	0.422559790778905
387	38.7	-0.00174229242838919	0.421270118793473
388	38.8	-0.0030319644138217	0.41998044680804
389	38.9	-0.00174229242838919	0.418690774822608
390	39	-0.0030319644138217	0.418690774822608
391	39.1	-0.00174229242838919	0.417401102837175
392	39.2	-0.0030319644138217	0.416111430851743
393	39.3	-0.00174229242838919	0.416111430851743
394	39.4	-0.00174229242838919	0.416111430851743
395	39.5	-0.00174229242838919	0.41482175886631
396	39.6	-0.0030319644138217	0.413532086880878
397	39.7	-0.0030319644138217	0.413532086880878
398	39.8	-0.0030319644138217	0.412242414895445
399	39.9	-0.0030319644138217	0.410952742910013
400	40	-0.0030319644138217	0.40966307092458
401	40.1	-0.00174229242838919	0.408373398939148
402	40.2	-0.0030319644138217	0.405794054968283
403	40.3	-0.0030319644138217	0.405794054968283
404	40.4	-0.0030319644138217	0.403214710997418
405	40.5	-0.0030319644138217	0.401925039011985
406	40.6	-0.0030319644138217	0.401925039011985
407	40.7	-0.0030319644138217	0.400635367026553
408	40.8	-0.0030319644138217	0.39934569504112
409	40.9	-0.0030319644138217	0.398056023055688
410	41	-0.0030319644138217	0.396766351070255
411	41.1	-0.0030319644138217	0.395476679084823
412	41.2	-0.0030319644138217	0.392897335113958
413	41.3	-0.0030319644138217	0.392897335113958
414	41.4	-0.0030319644138217	0.390317991143093
415	41.5	-0.0030319644138217	0.38902831915766
416	41.6	-0.0030319644138217	0.387738647172228
417	41.7	-0.0030319644138217	0.386448975186795
418	41.8	-0.0030319644138217	0.385159303201362
419	41.9	-0.0030319644138217	0.38386963121593
420	42	-0.0030319644138217	0.381290287245065
421	42.1	-0.0030319644138217	0.380000615259632
422	42.2	-0.0030319644138217	0.3787109432742
423	42.3	-0.0030319644138217	0.377421271288767
424	42.4	-0.0030319644138217	0.376131599303335
425	42.5	-0.0030319644138217	0.374841927317902
426	42.6	-0.0030319644138217	0.372262583347037
427	42.7	-0.0030319644138217	0.372262583347037
428	42.8	-0.0030319644138217	0.369683239376172
429	42.9	-0.0030319644138217	0.36839356739074
430	43	-0.0030319644138217	0.367103895405307
431	43.1	-0.0030319644138217	0.364524551434442
432	43.2	-0.0030319644138217	0.36323487944901
433	43.3	-0.0030319644138217	0.361945207463577
434	43.4	-0.0030319644138217	0.361945207463577
435	43.5	-0.0030319644138217	0.359365863492712
436	43.6	-0.0030319644138217	0.35807619150728
437	43.7	-0.0030319644138217	0.356786519521847
438	43.8	-0.0030319644138217	0.355496847536415
439	43.9	-0.0030319644138217	0.354207175550982
440	44	-0.0030319644138217	0.35291750356555
441	44.1	-0.0030319644138217	0.35291750356555
442	44.2	-0.0030319644138217	0.350338159594685
443	44.3	-0.0030319644138217	0.350338159594685
444	44.4	-0.0030319644138217	0.349048487609252
445	44.5	-0.0043216363992542	0.34775881562382
446	44.6	-0.0030319644138217	0.346469143638387
447	44.7	-0.0030319644138217	0.345179471652955
448	44.8	-0.0030319644138217	0.343889799667522
449	44.9	-0.0030319644138217	0.34260012768209
450	45	-0.0030319644138217	0.341310455696657
451	45.1	-0.0030319644138217	0.340020783711225
452	45.2	-0.0043216363992542	0.340020783711225
453	45.3	-0.0030319644138217	0.338731111725792
454	45.4	-0.0030319644138217	0.338731111725792
455	45.5	-0.0030319644138217	0.33744143974036
456	45.6	-0.0043216363992542	0.336151767754927
457	45.7	-0.0030319644138217	0.334862095769495
458	45.8	-0.0030319644138217	0.333572423784062
459	45.9	-0.0030319644138217	0.333572423784062
460	46	-0.0030319644138217	0.33228275179863
461	46.1	-0.0030319644138217	0.329703407827765
462	46.2	-0.0043216363992542	0.328413735842332
463	46.3	-0.0030319644138217	0.328413735842332
464	46.4	-0.0043216363992542	0.325834391871467
465	46.5	-0.0043216363992542	0.324544719886035
466	46.6	-0.0043216363992542	0.323255047900602
467	46.7	-0.0043216363992542	0.32196537591517
468	46.8	-0.0043216363992542	0.320675703929737
469	46.9	-0.0030319644138217	0.320675703929737
470	47	-0.0030319644138217	0.319386031944305
471	47.1	-0.0043216363992542	0.318096359958872
472	47.2	-0.0043216363992542	0.318096359958872
473	47.3	-0.0030319644138217	0.318096359958872
474	47.4	-0.0043216363992542	0.31680668797344
475	47.5	-0.0030319644138217	0.315517015988007
476	47.6	-0.0030319644138217	0.314227344002575
477	47.7	-0.0030319644138217	0.312937672017142
478	47.8	-0.0030319644138217	0.31164800003171
479	47.9	-0.0030319644138217	0.31164800003171
480	48	-0.0030319644138217	0.310358328046277
481	48.1	-0.0030319644138217	0.309068656060845
482	48.2	-0.0043216363992542	0.307778984075412
483	48.3	-0.0043216363992542	0.30648931208998
484	48.4	-0.0043216363992542	0.305199640104547
485	48.5	-0.0043216363992542	0.303909968119115
486	48.6	-0.0043216363992542	0.303909968119115
487	48.7	-0.0043216363992542	0.302620296133682
488	48.8	-0.0043216363992542	0.302620296133682
489	48.9	-0.0043216363992542	0.30133062414825
490	49	-0.0043216363992542	0.298751280177385
491	49.1	-0.0030319644138217	0.297461608191952
492	49.2	-0.0043216363992542	0.294882264221087
493	49.3	-0.0043216363992542	0.293592592235655
494	49.4	-0.0043216363992542	0.293592592235655
495	49.5	-0.0043216363992542	0.292302920250222
496	49.6	-0.0030319644138217	0.29101324826479
497	49.7	-0.0030319644138217	0.288433904293925
498	49.8	-0.0030319644138217	0.288433904293925
499	49.9	-0.0030319644138217	0.28585456032306
500	50	-0.0030319644138217	0.28585456032306
501	50.1	-0.0030319644138217	0.284564888337627
502	50.2	-0.0030319644138217	0.283275216352195
503	50.3	-0.0030319644138217	0.281985544366762
504	50.4	-0.0030319644138217	0.28069587238133
505	50.5	-0.0030319644138217	0.279406200395897
506	50.6	-0.0030319644138217	0.276826856425032
507	50.7	-0.0030319644138217	0.276826856425032
508	50.8	-0.0030319644138217	0.274247512454167
509	50.9	-0.00174229242838919	0.272957840468735
510	51	-0.00174229242838919	0.271668168483302
511	51.1	-0.00174229242838919	0.270378496497869
512	51.2	-0.00174229242838919	0.269088824512437
513	51.3	-0.00174229242838919	0.267799152527004
514	51.4	-0.00174229242838919	0.266509480541572
515	51.5	-0.00174229242838919	0.265219808556139
516	51.6	-0.00174229242838919	0.263930136570707
517	51.7	-0.00174229242838919	0.262640464585274
518	51.8	-0.00174229242838919	0.261350792599842
519	51.9	-0.00174229242838919	0.260061120614409
520	52	-0.00174229242838919	0.258771448628977
521	52.1	-0.00174229242838919	0.257481776643544
522	52.2	-0.00174229242838919	0.256192104658112
523	52.3	-0.00174229242838919	0.256192104658112
524	52.4	-0.00174229242838919	0.253612760687247
525	52.5	-0.000452620442956686	0.253612760687247
526	52.6	-0.00174229242838919	0.252323088701814
527	52.7	-0.00174229242838919	0.251033416716382
528	52.8	-0.00174229242838919	0.248454072745517
529	52.9	-0.00174229242838919	0.247164400760084
530	53	-0.00174229242838919	0.245874728774652
531	53.1	-0.00174229242838919	0.243295384803787
532	53.2	-0.000452620442956686	0.242005712818354
533	53.3	-0.00174229242838919	0.239426368847489
534	53.4	-0.00174229242838919	0.239426368847489
535	53.5	-0.00174229242838919	0.238136696862057
536	53.6	-0.000452620442956686	0.236847024876624
537	53.7	-0.00174229242838919	0.235557352891192
538	53.8	-0.00174229242838919	0.234267680905759
539	53.9	-0.00174229242838919	0.232978008920327
540	54	-0.00174229242838919	0.231688336934894
541	54.1	-0.00174229242838919	0.230398664949462
542	54.2	-0.00174229242838919	0.229108992964029
543	54.3	-0.00174229242838919	0.227819320978597
544	54.4	-0.00174229242838919	0.226529648993164
545	54.5	-0.000452620442956686	0.225239977007732
546	54.6	-0.00174229242838919	0.223950305022299
547	54.7	-0.00174229242838919	0.222660633036867
548	54.8	-0.000452620442956686	0.221370961051434
549	54.9	-0.00174229242838919	0.220081289066002
550	55	-0.00174229242838919	0.217501945095137
551	55.1	-0.00174229242838919	0.216212273109704
552	55.2	-0.00174229242838919	0.214922601124272
553	55.3	-0.00174229242838919	0.213632929138839
554	55.4	-0.00174229242838919	0.212343257153407
555	55.5	-0.00174229242838919	0.211053585167974
556	55.6	-0.00174229242838919	0.209763913182542
557	55.7	-0.00174229242838919	0.207184569211677
558	55.8	-0.00174229242838919	0.205894897226244
559	55.9	-0.00174229242838919	0.204605225240812
560	56	-0.00174229242838919	0.203315553255379
561	56.1	-0.00174229242838919	0.200736209284514
562	56.2	-0.00174229242838919	0.200736209284514
563	56.3	-0.00174229242838919	0.198156865313649
564	56.4	-0.00174229242838919	0.196867193328217
565	56.5	-0.00174229242838919	0.195577521342784
566	56.6	-0.00174229242838919	0.192998177371919
567	56.7	-0.0030319644138217	0.191708505386487
568	56.8	-0.0030319644138217	0.190418833401054
569	56.9	-0.0030319644138217	0.189129161415622
570	57	-0.0030319644138217	0.186549817444757
571	57.1	-0.0030319644138217	0.186549817444757
572	57.2	-0.0030319644138217	0.185260145459324
573	57.3	-0.0030319644138217	0.183970473473892
574	57.4	-0.0043216363992542	0.181391129503027
575	57.5	-0.0030319644138217	0.178811785532162
576	57.6	-0.0043216363992542	0.177522113546729
577	57.7	-0.0043216363992542	0.176232441561297
578	57.8	-0.0043216363992542	0.173653097590432
579	57.9	-0.0043216363992542	0.173653097590432
580	58	-0.0043216363992542	0.171073753619567
581	58.1	-0.0043216363992542	0.169784081634134
582	58.2	-0.0043216363992542	0.168494409648702
583	58.3	-0.0043216363992542	0.167204737663269
584	58.4	-0.0043216363992542	0.165915065677837
585	58.5	-0.00561130838468671	0.164625393692404
586	58.6	-0.00561130838468671	0.163335721706972
587	58.7	-0.00561130838468671	0.162046049721539
588	58.8	-0.00690098037011921	0.159466705750674
589	58.9	-0.00561130838468671	0.159466705750674
590	59	-0.00690098037011921	0.158177033765242
591	59.1	-0.00690098037011921	0.156887361779809
592	59.2	-0.00690098037011921	0.155597689794376
593	59.3	-0.00690098037011921	0.153018345823511
594	59.4	-0.00690098037011921	0.151728673838079
595	59.5	-0.00819065235555172	0.151728673838079
596	59.6	-0.00690098037011921	0.149149329867214
597	59.7	-0.00819065235555172	0.147859657881781
598	59.8	-0.00819065235555172	0.146569985896349
599	59.9	-0.00948032434098423	0.145280313910916
600	60	-0.00948032434098423	0.142700969940051
601	60.1	-0.00948032434098423	0.142700969940051
602	60.2	-0.0107699963264167	0.140121625969186
603	60.3	-0.0107699963264167	0.138831953983754
604	60.4	-0.0107699963264167	0.137542281998321
605	60.5	-0.0107699963264167	0.134962938027456
606	60.6	-0.0107699963264167	0.133673266042024
607	60.7	-0.0133493402972817	0.132383594056591
608	60.8	-0.0133493402972817	0.131093922071159
609	60.9	-0.0120596683118492	0.129804250085726
610	61	-0.0133493402972817	0.127224906114861
611	61.1	-0.0133493402972817	0.125935234129429
612	61.2	-0.0146390122827142	0.124645562143996
613	61.3	-0.0146390122827142	0.122066218173131
614	61.4	-0.0146390122827142	0.122066218173131
615	61.5	-0.0146390122827142	0.119486874202266
616	61.6	-0.0146390122827142	0.119486874202266
617	61.7	-0.0159286842681468	0.118197202216834
618	61.8	-0.0159286842681468	0.116907530231401
619	61.9	-0.0172183562535793	0.115617858245969
620	62	-0.0172183562535793	0.114328186260536
621	62.1	-0.0185080282390118	0.113038514275104
622	62.2	-0.0185080282390118	0.111748842289671
623	62.3	-0.0185080282390118	0.110459170304239
624	62.4	-0.0197977002244443	0.110459170304239
625	62.5	-0.0185080282390118	0.109169498318806
626	62.6	-0.0185080282390118	0.107879826333374
627	62.7	-0.0197977002244443	0.106590154347941
628	62.8	-0.0223770441953093	0.104010810377076
629	62.9	-0.0223770441953093	0.102721138391644
630	63	-0.0223770441953093	0.100141794420779
631	63.1	-0.0236667161807418	0.0988521224353462
632	63.2	-0.0236667161807418	0.0962727784644812
633	63.3	-0.0249563881661743	0.0949831064790487
634	63.4	-0.0262460601516068	0.0924037625081837
635	63.5	-0.0262460601516068	0.0924037625081837
636	63.6	-0.0275357321370393	0.0898244185373187
637	63.7	-0.0275357321370393	0.0885347465518862
638	63.8	-0.0275357321370393	0.0859554025810212
639	63.9	-0.0301150761079043	0.0846657305955887
640	64	-0.0288254041224718	0.0820863866247237
641	64.1	-0.0301150761079043	0.0807967146392912
642	64.2	-0.0288254041224718	0.0795070426538587
643	64.3	-0.0301150761079043	0.0782173706684262
644	64.4	-0.0326944200787693	0.0756380266975611
645	64.5	-0.0314047480933368	0.0743483547121286
646	64.6	-0.0326944200787693	0.0730586827266961
647	64.7	-0.0326944200787693	0.0717690107412636
648	64.8	-0.0339840920642018	0.0704793387558311
649	64.9	-0.0339840920642018	0.0678999947849661
650	65	-0.0339840920642018	0.0666103227995336
651	65.1	-0.0339840920642018	0.0653206508141011
652	65.2	-0.0352737640496343	0.0627413068432361
653	65.3	-0.0365634360350668	0.0614516348578036
654	65.4	-0.0352737640496343	0.0601619628723711
655	65.5	-0.0365634360350668	0.0601619628723711
656	65.6	-0.0378531080204993	0.0575826189015061
657	65.7	-0.0391427800059319	0.0550032749306411
658	65.8	-0.0391427800059319	0.0537136029452085
659	65.9	-0.0378531080204993	0.0511342589743435
660	66	-0.0404324519913644	0.049844586988911
661	66.1	-0.0391427800059319	0.047265243018046
662	66.2	-0.0404324519913644	0.0459755710326135
663	66.3	-0.0404324519913644	0.044685899047181
664	66.4	-0.0404324519913644	0.0433962270617485
665	66.5	-0.0404324519913644	0.0408168830908835
666	66.6	-0.0404324519913644	0.039527211105451
667	66.7	-0.0417221239767969	0.036947867134586
668	66.8	-0.0417221239767969	0.036947867134586
669	66.9	-0.0404324519913644	0.0356581951491535
670	67	-0.0404324519913644	0.034368523163721
671	67.1	-0.0417221239767969	0.0330788511782885
672	67.2	-0.0430117959622294	0.031789179192856
673	67.3	-0.0430117959622294	0.0304995072074234
674	67.4	-0.0417221239767969	0.0304995072074234
675	67.5	-0.0417221239767969	0.0279201632365584
676	67.6	-0.0443014679476619	0.0266304912511259
677	67.7	-0.0430117959622294	0.0253408192656934
678	67.8	-0.0443014679476619	0.0253408192656934
679	67.9	-0.0417221239767969	0.0240511472802609
680	68	-0.0430117959622294	0.0227614752948284
681	68.1	-0.0430117959622294	0.0227614752948284
682	68.2	-0.0430117959622294	0.0201821313239634
683	68.3	-0.0455911399330944	0.0188924593385309
684	68.4	-0.0443014679476619	0.0176027873530984
685	68.5	-0.0443014679476619	0.0150234433822334
686	68.6	-0.0430117959622294	0.0150234433822334
687	68.7	-0.0443014679476619	0.0124440994113684
688	68.8	-0.0430117959622294	0.0111544274259359
689	68.9	-0.0443014679476619	0.00986475544050336
690	69	-0.0468808119185269	0.00728541146963835
691	69.1	-0.0443014679476619	0.00599573948420584
692	69.2	-0.0455911399330944	0.00470606749877334
693	69.3	-0.0468808119185269	0.00212672352790833
694	69.4	-0.0443014679476619	0.00083705154247582
695	69.5	-0.0455911399330944	-0.00174229242838919
696	69.6	-0.0455911399330944	-0.0030319644138217
697	69.7	-0.0455911399330944	-0.0043216363992542
698	69.8	-0.0468808119185269	-0.00690098037011921
699	69.9	-0.0455911399330944	-0.00819065235555172
700	70	-0.0468808119185269	-0.0107699963264167
701	70.1	-0.0468808119185269	-0.0120596683118492
702	70.2	-0.0468808119185269	-0.0133493402972817
703	70.3	-0.0481704839039594	-0.0146390122827142
704	70.4	-0.0455911399330944	-0.0172183562535793
705	70.5	-0.0468808119185269	-0.0185080282390118
706	70.6	-0.0443014679476619	-0.0197977002244443
707	70.7	-0.0443014679476619	-0.0223770441953093
708	70.8	-0.0455911399330944	-0.0236667161807418
709	70.9	-0.0455911399330944	-0.0262460601516068
710	71	-0.0455911399330944	-0.0275357321370393
711	71.1	-0.0443014679476619	-0.0275357321370393
712	71.2	-0.0455911399330944	-0.0301150761079043
713	71.3	-0.0455911399330944	-0.0314047480933368
714	71.4	-0.0443014679476619	-0.0326944200787693
715	71.5	-0.0443014679476619	-0.0339840920642018
716	71.6	-0.0455911399330944	-0.0352737640496343
717	71.7	-0.0455911399330944	-0.0365634360350668
718	71.8	-0.0443014679476619	-0.0378531080204993
719	71.9	-0.0455911399330944	-0.0404324519913644
720	72	-0.0443014679476619	-0.0417221239767969
721	72.1	-0.0455911399330944	-0.0430117959622294
722	72.2	-0.0430117959622294	-0.0455911399330944
723	72.3	-0.0443014679476619	-0.0468808119185269
724	72.4	-0.0455911399330944	-0.0481704839039594
725	72.5	-0.0455911399330944	-0.0494601558893919
726	72.6	-0.0443014679476619	-0.0520394998602569
727	72.7	-0.0455911399330944	-0.0533291718456894
728	72.8	-0.0443014679476619	-0.0559085158165544
729	72.9	-0.0443014679476619	-0.0571981878019869
730	73	-0.0430117959622294	-0.0597775317728519
731	73.1	-0.0443014679476619	-0.0610672037582844
732	73.2	-0.0443014679476619	-0.0636465477291495
733	73.3	-0.0430117959622294	-0.064936219714582
734	73.4	-0.0443014679476619	-0.067515563685447
735	73.5	-0.0430117959622294	-0.0688052356708795
736	73.6	-0.0443014679476619	-0.0713845796417445
737	73.7	-0.0430117959622294	-0.072674251627177
738	73.8	-0.0404324519913644	-0.0739639236126095
739	73.9	-0.0417221239767969	-0.0765432675834745
740	74	-0.0417221239767969	-0.077832939568907
741	74.1	-0.0417221239767969	-0.0791226115543395
742	74.2	-0.0417221239767969	-0.0817019555252045
743	74.3	-0.0404324519913644	-0.082991627510637
744	74.4	-0.0404324519913644	-0.0855709714815021
745	74.5	-0.0391427800059319	-0.0868606434669346
746	74.6	-0.0391427800059319	-0.0894399874377996
747	74.7	-0.0378531080204993	-0.0907296594232321
748	74.8	-0.0391427800059319	-0.0920193314086646
749	74.9	-0.0391427800059319	-0.0945986753795296
750	75	-0.0391427800059319	-0.0958883473649621
751	75.1	-0.0378531080204993	-0.0984676913358271
752	75.2	-0.0378531080204993	-0.0997573633212596
753	75.3	-0.0378531080204993	-0.102336707292125
754	75.4	-0.0365634360350668	-0.103626379277557
755	75.5	-0.0352737640496343	-0.106205723248422
756	75.6	-0.0352737640496343	-0.108785067219287
757	75.7	-0.0352737640496343	-0.11007473920472
758	75.8	-0.0365634360350668	-0.111364411190152
759	75.9	-0.0352737640496343	-0.113943755161017
760	76	-0.0339840920642018	-0.113943755161017
761	76.1	-0.0326944200787693	-0.116523099131882
762	76.2	-0.0339840920642018	-0.119102443102747
763	76.3	-0.0339840920642018	-0.12039211508818
764	76.4	-0.0326944200787693	-0.122971459059045
765	76.5	-0.0326944200787693	-0.124261131044477
766	76.6	-0.0326944200787693	-0.126840475015342
767	76.7	-0.0314047480933368	-0.128130147000775
768	76.8	-0.0326944200787693	-0.129419818986207
769	76.9	-0.0314047480933368	-0.131999162957072
770	77	-0.0314047480933368	-0.131999162957072
771	77.1	-0.0314047480933368	-0.133288834942505
772	77.2	-0.0288254041224718	-0.13586817891337
773	77.3	-0.0301150761079043	-0.137157850898802
774	77.4	-0.0275357321370393	-0.139737194869667
775	77.5	-0.0288254041224718	-0.1410268668551
776	77.6	-0.0275357321370393	-0.143606210825965
777	77.7	-0.0288254041224718	-0.143606210825965
778	77.8	-0.0275357321370393	-0.144895882811397
779	77.9	-0.0275357321370393	-0.147475226782262
780	78	-0.0275357321370393	-0.148764898767695
781	78.1	-0.0262460601516068	-0.150054570753127
782	78.2	-0.0275357321370393	-0.15134424273856
783	78.3	-0.0275357321370393	-0.152633914723992
784	78.4	-0.0249563881661743	-0.153923586709425
785	78.5	-0.0249563881661743	-0.155213258694857
786	78.6	-0.0249563881661743	-0.157792602665722
787	78.7	-0.0262460601516068	-0.159082274651155
788	78.8	-0.0262460601516068	-0.160371946636587
789	78.9	-0.0249563881661743	-0.16166161862202
790	79	-0.0236667161807418	-0.162951290607452
791	79.1	-0.0236667161807418	-0.164240962592885
792	79.2	-0.0236667161807418	-0.165530634578317
793	79.3	-0.0236667161807418	-0.168109978549182
794	79.4	-0.0223770441953093	-0.169399650534615
795	79.5	-0.0223770441953093	-0.170689322520047
796	79.6	-0.0223770441953093	-0.17197899450548
797	79.7	-0.0223770441953093	-0.174558338476345
798	79.8	-0.0210873722098768	-0.175848010461777
799	79.9	-0.0197977002244443	-0.178427354432642
800	80	-0.0197977002244443	-0.179717026418075
801	80.1	-0.0210873722098768	-0.181006698403507
802	80.2	-0.0210873722098768	-0.181006698403507
803	80.3	-0.0197977002244443	-0.18229637038894
804	80.4	-0.0210873722098768	-0.183586042374372
805	80.5	-0.0197977002244443	-0.184875714359805
806	80.6	-0.0197977002244443	-0.18745505833067
807	80.7	-0.0197977002244443	-0.188744730316103
808	80.8	-0.0185080282390118	-0.190034402301535
809	80.9	-0.0185080282390118	-0.191324074286968
810	81	-0.0172183562535793	-0.1926137462724
811	81.1	-0.0185080282390118	-0.195193090243265
812	81.2	-0.0172183562535793	-0.196482762228698
813	81.3	-0.0172183562535793	-0.199062106199563
814	81.4	-0.0146390122827142	-0.200351778184995
815	81.5	-0.0146390122827142	-0.20293112215586
816	81.6	-0.0146390122827142	-0.205510466126725
817	81.7	-0.0133493402972817	-0.20808981009759
818	81.8	-0.0133493402972817	-0.210669154068455
819	81.9	-0.0133493402972817	-0.21324849803932
820	82	-0.0120596683118492	-0.215827842010185
821	82.1	-0.0107699963264167	-0.21840718598105
822	82.2	-0.0107699963264167	-0.220986529951915
823	82.3	-0.0107699963264167	-0.22356587392278
824	82.4	-0.00948032434098423	-0.226145217893645
825	82.5	-0.00948032434098423	-0.22872456186451
826	82.6	-0.00819065235555172	-0.231303905835375
827	82.7	-0.00819065235555172	-0.23388324980624
828	82.8	-0.00819065235555172	-0.235172921791673
829	82.9	-0.00819065235555172	-0.237752265762538
830	83	-0.00819065235555172	-0.240331609733403
831	83.1	-0.00690098037011921	-0.241621281718835
832	83.2	-0.00690098037011921	-0.242910953704268
833	83.3	-0.00690098037011921	-0.245490297675133
834	83.4	-0.00561130838468671	-0.246779969660565
835	83.5	-0.0043216363992542	-0.24935931363143
836	83.6	-0.00561130838468671	-0.253228329587728
837	83.7	-0.0043216363992542	-0.255807673558593
838	83.8	-0.0043216363992542	-0.258387017529458
839	83.9	-0.0043216363992542	-0.260966361500323
840	84	-0.0043216363992542	-0.262256033485755
841	84.1	-0.0043216363992542	-0.26483537745662
842	84.2	-0.0030319644138217	-0.268704393412918
843	84.3	-0.00174229242838919	-0.26999406539835
844	84.4	-0.00174229242838919	-0.272573409369215
845	84.5	-0.0030319644138217	-0.276442425325513
846	84.6	-0.00174229242838919	-0.279021769296378
847	84.7	-0.00174229242838919	-0.281601113267243
848	84.8	-0.00174229242838919	-0.284180457238108
849	84.9	-0.00174229242838919	-0.286759801208973
850	85	-0.00174229242838919	-0.289339145179838
851	85.1	-0.00174229242838919	-0.291918489150703
852	85.2	-0.000452620442956686	-0.294497833121568
853	85.3	-0.00174229242838919	-0.297077177092433
854	85.4	-0.00174229242838919	-0.299656521063298
855	85.5	-0.00174229242838919	-0.302235865034163
856	85.6	-0.00174229242838919	-0.304815209005028
857	85.7	-0.00174229242838919	-0.306104880990461
858	85.8	-0.000452620442956686	-0.309973896946758
859	85.9	-0.000452620442956686	-0.313842912903056
860	86	-0.00174229242838919	-0.316422256873921
861	86.1	-0.00174229242838919	-0.319001600844786
862	86.2	-0.00174229242838919	-0.321580944815651
863	86.3	-0.000452620442956686	-0.324160288786516
864	86.4	-0.00174229242838919	-0.328029304742813
865	86.5	-0.00174229242838919	-0.329318976728246
866	86.6	-0.00174229242838919	-0.331898320699111
867	86.7	-0.000452620442956686	-0.334477664669976
868	86.8	-0.00174229242838919	-0.337057008640841
869	86.9	-0.00174229242838919	-0.340926024597138
870	87	-0.00174229242838919	-0.343505368568003
871	87.1	-0.00174229242838919	-0.344795040553436
872	87.2	-0.00174229242838919	-0.348664056509733
873	87.3	-0.00174229242838919	-0.351243400480598
874	87.4	-0.0030319644138217	-0.352533072466031
875	87.5	-0.0030319644138217	-0.355112416436896
876	87.6	-0.00174229242838919	-0.357691760407761
877	87.7	-0.0030319644138217	-0.360271104378626
878	87.8	-0.0030319644138217	-0.362850448349491
879	87.9	-0.0030319644138217	-0.364140120334923
880	88	-0.0030319644138217	-0.366719464305788
881	88.1	-0.0030319644138217	-0.369298808276653
882	88.2	-0.0030319644138217	-0.371878152247518
883	88.3	-0.0030319644138217	-0.374457496218383
884	88.4	-0.0030319644138217	-0.377036840189248
885	88.5	-0.0030319644138217	-0.379616184160113
886	88.6	-0.0043216363992542	-0.382195528130978
887	88.7	-0.0043216363992542	-0.384774872101843
888	88.8	-0.0043216363992542	-0.386064544087276
889	88.9	-0.0043216363992542	-0.388643888058141
890	89	-0.0030319644138217	-0.392512904014438
891	89.1	-0.0043216363992542	-0.395092247985303
892	89.2	-0.0030319644138217	-0.397671591956168
893	89.3	-0.0043216363992542	-0.398961263941601
894	89.4	-0.0030319644138217	-0.402830279897898
895	89.5	-0.0030319644138217	-0.405409623868763
896	89.6	-0.0030319644138217	-0.407988967839628
897	89.7	-0.0043216363992542	-0.410568311810493
898	89.8	-0.0030319644138217	-0.413147655781358
899	89.9	-0.0043216363992542	-0.415726999752223
900	90	-0.0043216363992542	-0.418306343723089
901	90.1	-0.0030319644138217	-0.420885687693954
902	90.2	-0.0043216363992542	-0.423465031664819
903	90.3	-0.0030319644138217	-0.426044375635684
904	90.4	-0.0030319644138217	-0.427334047621116
905	90.5	-0.0030319644138217	-0.429913391591981
906	90.6	-0.0030319644138217	-0.433782407548279
907	90.7	-0.0030319644138217	-0.435072079533711
908	90.8	-0.0030319644138217	-0.437651423504576
909	90.9	-0.0043216363992542	-0.440230767475441
910	91	-0.0030319644138217	-0.441520439460874
911	91.1	-0.0030319644138217	-0.445389455417171
912	91.2	-0.0030319644138217	-0.446679127402604
913	91.3	-0.00174229242838919	-0.449258471373469
914	91.4	-0.0030319644138217	-0.451837815344334
915	91.5	-0.0030319644138217	-0.454417159315199
916	91.6	-0.0030319644138217	-0.456996503286064
917	91.7	-0.0030319644138217	-0.459575847256929
918	91.8	-0.0043216363992542	-0.462155191227794
919	91.9	-0.0030319644138217	-0.464734535198659
920	92	-0.0030319644138217	-0.467313879169524
921	92.1	-0.0030319644138217	-0.469893223140389
922	92.2	-0.0030319644138217	-0.472472567111254
923	92.3	-0.0043216363992542	-0.475051911082119
924	92.4	-0.0030319644138217	-0.477631255052984
925	92.5	-0.0030319644138217	-0.480210599023849
926	92.6	-0.0043216363992542	-0.481500271009281
927	92.7	-0.0030319644138217	-0.485369286965579
928	92.8	-0.0030319644138217	-0.487948630936444
929	92.9	-0.0030319644138217	-0.489238302921876
930	93	-0.0030319644138217	-0.491817646892741
931	93.1	-0.0030319644138217	-0.494396990863606
932	93.2	-0.0030319644138217	-0.496976334834471
933	93.3	-0.0030319644138217	-0.499555678805336
934	93.4	-0.00174229242838919	-0.500845350790769
935	93.5	-0.00174229242838919	-0.503424694761634
936	93.6	-0.00174229242838919	-0.506004038732499
937	93.7	-0.00174229242838919	-0.509873054688796
938	93.8	-0.000452620442956686	-0.512452398659661
939	93.9	-0.00174229242838919	-0.515031742630526
940	94	-0.000452620442956686	-0.517611086601391
941	94.1	-0.00174229242838919	-0.520190430572256
942	94.2	-0.00174229242838919	-0.522769774543121
943	94.3	-0.000452620442956686	-0.525349118513986
944	94.4	-0.00174229242838919	-0.527928462484851
945	94.5	-0.00174229242838919	-0.530507806455716
946	94.6	-0.00174229242838919	-0.534376822412014
947	94.7	-0.000452620442956686	-0.536956166382879
948	94.8	-0.000452620442956686	-0.539535510353744
949	94.9	-0.000452620442956686	-0.542114854324609
950	95	-0.00174229242838919	-0.544694198295474
951	95.1	-0.00174229242838919	-0.547273542266339
952	95.2	-0.00174229242838919	-0.551142558222637
953	95.3	-0.000452620442956686	-0.553721902193502
954	95.4	-0.00174229242838919	-0.556301246164367
955	95.5	-0.000452620442956686	-0.557590918149799
956	95.6	-0.00174229242838919	-0.561459934106097
957	95.7	-0.00174229242838919	-0.564039278076962
958	95.8	-0.00174229242838919	-0.565328950062394
959	95.9	-0.00174229242838919	-0.569197966018692
960	96	-0.00174229242838919	-0.571777309989557
961	96.1	-0.00174229242838919	-0.575646325945854
962	96.2	-0.00174229242838919	-0.576935997931287
963	96.3	-0.00174229242838919	-0.580805013887584
964	96.4	-0.000452620442956686	-0.583384357858449
965	96.5	-0.00174229242838919	-0.585963701829314
966	96.6	-0.000452620442956686	-0.589832717785612
967	96.7	-0.00174229242838919	-0.592412061756477
968	96.8	-0.000452620442956686	-0.594991405727342
969	96.9	-0.00174229242838919	-0.598860421683639
970	97	-0.000452620442956686	-0.601439765654504
971	97.1	-0.00174229242838919	-0.605308781610802
972	97.2	-0.00174229242838919	-0.607888125581667
973	97.3	-0.000452620442956686	-0.610467469552532
974	97.4	-0.00174229242838919	-0.613046813523397
975	97.5	-0.00174229242838919	-0.616915829479694
976	97.6	-0.00174229242838919	-0.619495173450559
977	97.7	-0.00174229242838919	-0.622074517421424
978	97.8	-0.00174229242838919	-0.624653861392289
979	97.9	-0.00174229242838919	-0.625943533377722
980	98	-0.00174229242838919	-0.629812549334019
981	98.1	-0.00174229242838919	-0.631102221319452
982	98.2	-0.00174229242838919	-0.634971237275749
983	98.3	-0.00174229242838919	-0.636260909261182
984	98.4	-0.00174229242838919	-0.638840253232047
985	98.5	-0.00174229242838919	-0.641419597202912
986	98.6	-0.00174229242838919	-0.643998941173777
987	98.7	-0.00174229242838919	-0.646578285144642
988	98.8	-0.00174229242838919	-0.649157629115507
989	98.9	-0.0030319644138217	-0.651736973086372
990	99	-0.00174229242838919	-0.653026645071805
991	99.1	-0.00174229242838919	-0.65560598904267
992	99.2	-0.00174229242838919	-0.658185333013535
993	99.3	-0.00174229242838919	-0.6607646769844
994	99.4	-0.00174229242838919	-0.663344020955265
995	99.5	-0.00174229242838919	-0.66592336492613
996	99.6	-0.00174229242838919	-0.668502708896995
997	99.7	-0.00174229242838919	-0.669792380882427
998	99.8	-0.00174229242838919	-0.67108205286786
999	99.9	-0.00174229242838919	-0.672371724853292
