Number of measurement points: 1775
Sample Rate (Hz): 40
Low limit Ch0 (V): -10
Upper limit Ch0 (V): 10
Low limit Ch1 (V): -10
Upper limit Ch1 (V): 10

Index	Time[s]	Ch0[V]	Ch1[V]
0	0	-0.0817019555252045	-0.643998941173777
1	0.025	-0.0791226115543395	-0.643998941173777
2	0.05	-0.0791226115543395	-0.643998941173777
3	0.075	-0.0791226115543395	-0.642709269188344
4	0.1	-0.0791226115543395	-0.643998941173777
5	0.125	-0.080412283539772	-0.642709269188344
6	0.15	-0.080412283539772	-0.643998941173777
7	0.175	-0.080412283539772	-0.643998941173777
8	0.2	-0.0791226115543395	-0.643998941173777
9	0.225	-0.0817019555252045	-0.642709269188344
10	0.25	-0.0765432675834745	-0.642709269188344
11	0.275	-0.080412283539772	-0.643998941173777
12	0.3	-0.080412283539772	-0.643998941173777
13	0.325	-0.0791226115543395	-0.642709269188344
14	0.35	-0.077832939568907	-0.643998941173777
15	0.375	-0.0817019555252045	-0.643998941173777
16	0.4	-0.0817019555252045	-0.642709269188344
17	0.425	-0.0791226115543395	-0.643998941173777
18	0.45	-0.0791226115543395	-0.642709269188344
19	0.475	-0.0791226115543395	-0.642709269188344
20	0.5	-0.0817019555252045	-0.643998941173777
21	0.525	-0.080412283539772	-0.642709269188344
22	0.55	-0.077832939568907	-0.643998941173777
23	0.575	-0.080412283539772	-0.643998941173777
24	0.6	-0.0791226115543395	-0.643998941173777
25	0.625	-0.077832939568907	-0.643998941173777
26	0.65	-0.0791226115543395	-0.643998941173777
27	0.675	-0.0817019555252045	-0.643998941173777
28	0.7	-0.0791226115543395	-0.642709269188344
29	0.725	-0.080412283539772	-0.642709269188344
30	0.75	-0.077832939568907	-0.643998941173777
31	0.775	-0.082991627510637	-0.642709269188344
32	0.8	-0.0817019555252045	-0.642709269188344
33	0.825	-0.080412283539772	-0.643998941173777
34	0.85	-0.082991627510637	-0.642709269188344
35	0.875	-0.080412283539772	-0.642709269188344
36	0.9	-0.0791226115543395	-0.642709269188344
37	0.925	-0.0817019555252045	-0.643998941173777
38	0.95	-0.080412283539772	-0.643998941173777
39	0.975	-0.082991627510637	-0.643998941173777
40	1	-0.077832939568907	-0.643998941173777
41	1.025	-0.080412283539772	-0.642709269188344
42	1.05	-0.0817019555252045	-0.642709269188344
43	1.075	-0.080412283539772	-0.642709269188344
44	1.1	-0.080412283539772	-0.642709269188344
45	1.125	-0.080412283539772	-0.642709269188344
46	1.15	-0.077832939568907	-0.642709269188344
47	1.175	-0.0791226115543395	-0.643998941173777
48	1.2	-0.0817019555252045	-0.642709269188344
49	1.225	-0.080412283539772	-0.642709269188344
50	1.25	-0.0842812994960696	-0.643998941173777
51	1.275	-0.082991627510637	-0.643998941173777
52	1.3	-0.0791226115543395	-0.642709269188344
53	1.325	-0.0817019555252045	-0.642709269188344
54	1.35	-0.080412283539772	-0.642709269188344
55	1.375	-0.0791226115543395	-0.643998941173777
56	1.4	-0.0791226115543395	-0.642709269188344
57	1.425	-0.080412283539772	-0.642709269188344
58	1.45	-0.080412283539772	-0.642709269188344
59	1.475	-0.080412283539772	-0.642709269188344
60	1.5	-0.0817019555252045	-0.642709269188344
61	1.525	-0.0842812994960696	-0.642709269188344
62	1.55	-0.0842812994960696	-0.643998941173777
63	1.575	-0.0855709714815021	-0.643998941173777
64	1.6	-0.082991627510637	-0.643998941173777
65	1.625	-0.0855709714815021	-0.643998941173777
66	1.65	-0.0855709714815021	-0.642709269188344
67	1.675	-0.0868606434669346	-0.643998941173777
68	1.7	-0.0881503154523671	-0.642709269188344
69	1.725	-0.0933090033940971	-0.642709269188344
70	1.75	-0.0945986753795296	-0.642709269188344
71	1.775	-0.0958883473649621	-0.643998941173777
72	1.8	-0.0920193314086646	-0.642709269188344
73	1.825	-0.0920193314086646	-0.642709269188344
74	1.85	-0.0920193314086646	-0.643998941173777
75	1.875	-0.0920193314086646	-0.642709269188344
76	1.9	-0.0945986753795296	-0.642709269188344
77	1.925	-0.0920193314086646	-0.643998941173777
78	1.95	-0.0958883473649621	-0.642709269188344
79	1.975	-0.0958883473649621	-0.642709269188344
80	2	-0.0920193314086646	-0.643998941173777
81	2.025	-0.0933090033940971	-0.643998941173777
82	2.05	-0.0920193314086646	-0.643998941173777
83	2.075	-0.0920193314086646	-0.642709269188344
84	2.1	-0.0920193314086646	-0.643998941173777
85	2.125	-0.0920193314086646	-0.643998941173777
86	2.15	-0.0920193314086646	-0.643998941173777
87	2.175	-0.0933090033940971	-0.643998941173777
88	2.2	-0.0920193314086646	-0.642709269188344
89	2.225	-0.0907296594232321	-0.642709269188344
90	2.25	-0.0945986753795296	-0.643998941173777
91	2.275	-0.0933090033940971	-0.643998941173777
92	2.3	-0.0920193314086646	-0.643998941173777
93	2.325	-0.0933090033940971	-0.642709269188344
94	2.35	-0.0945986753795296	-0.642709269188344
95	2.375	-0.0920193314086646	-0.643998941173777
96	2.4	-0.0945986753795296	-0.643998941173777
97	2.425	-0.0933090033940971	-0.642709269188344
98	2.45	-0.0933090033940971	-0.643998941173777
99	2.475	-0.0945986753795296	-0.643998941173777
100	2.5	-0.0933090033940971	-0.643998941173777
101	2.525	-0.0945986753795296	-0.643998941173777
102	2.55	-0.0907296594232321	-0.643998941173777
103	2.575	-0.0933090033940971	-0.643998941173777
104	2.6	-0.0933090033940971	-0.643998941173777
105	2.625	-0.0945986753795296	-0.642709269188344
106	2.65	-0.0971780193503946	-0.643998941173777
107	2.675	-0.0971780193503946	-0.643998941173777
108	2.7	-0.0933090033940971	-0.643998941173777
109	2.725	-0.0971780193503946	-0.643998941173777
110	2.75	-0.0958883473649621	-0.643998941173777
111	2.775	-0.0958883473649621	-0.643998941173777
112	2.8	-0.0933090033940971	-0.642709269188344
113	2.825	-0.0945986753795296	-0.643998941173777
114	2.85	-0.0958883473649621	-0.643998941173777
115	2.875	-0.0945986753795296	-0.642709269188344
116	2.9	-0.0945986753795296	-0.643998941173777
117	2.925	-0.0945986753795296	-0.643998941173777
118	2.95	-0.0933090033940971	-0.643998941173777
119	2.975	-0.0945986753795296	-0.643998941173777
120	3	-0.0920193314086646	-0.642709269188344
121	3.025	-0.0945986753795296	-0.643998941173777
122	3.05	-0.0945986753795296	-0.643998941173777
123	3.075	-0.0945986753795296	-0.643998941173777
124	3.1	-0.0971780193503946	-0.643998941173777
125	3.125	-0.0945986753795296	-0.643998941173777
126	3.15	-0.0945986753795296	-0.643998941173777
127	3.175	-0.0920193314086646	-0.643998941173777
128	3.2	-0.0958883473649621	-0.643998941173777
129	3.225	-0.0920193314086646	-0.643998941173777
130	3.25	-0.0933090033940971	-0.643998941173777
131	3.275	-0.0933090033940971	-0.643998941173777
132	3.3	-0.0933090033940971	-0.642709269188344
133	3.325	-0.0945986753795296	-0.643998941173777
134	3.35	-0.0971780193503946	-0.643998941173777
135	3.375	-0.0920193314086646	-0.643998941173777
136	3.4	-0.0945986753795296	-0.643998941173777
137	3.425	-0.0945986753795296	-0.643998941173777
138	3.45	-0.0920193314086646	-0.643998941173777
139	3.475	-0.0920193314086646	-0.642709269188344
140	3.5	-0.0920193314086646	-0.643998941173777
141	3.525	-0.0933090033940971	-0.643998941173777
142	3.55	-0.0920193314086646	-0.643998941173777
143	3.575	-0.0933090033940971	-0.643998941173777
144	3.6	-0.0920193314086646	-0.643998941173777
145	3.625	-0.0945986753795296	-0.643998941173777
146	3.65	-0.0945986753795296	-0.643998941173777
147	3.675	-0.0920193314086646	-0.643998941173777
148	3.7	-0.0933090033940971	-0.643998941173777
149	3.725	-0.0958883473649621	-0.643998941173777
150	3.75	-0.0907296594232321	-0.643998941173777
151	3.775	-0.0920193314086646	-0.643998941173777
152	3.8	-0.0920193314086646	-0.643998941173777
153	3.825	-0.0920193314086646	-0.643998941173777
154	3.85	-0.0933090033940971	-0.643998941173777
155	3.875	-0.0945986753795296	-0.643998941173777
156	3.9	-0.0920193314086646	-0.643998941173777
157	3.925	-0.0958883473649621	-0.643998941173777
158	3.95	-0.0920193314086646	-0.643998941173777
159	3.975	-0.0945986753795296	-0.643998941173777
160	4	-0.0958883473649621	-0.643998941173777
161	4.025	-0.0945986753795296	-0.643998941173777
162	4.05	-0.0920193314086646	-0.643998941173777
163	4.075	-0.0945986753795296	-0.643998941173777
164	4.1	-0.0907296594232321	-0.643998941173777
165	4.125	-0.0907296594232321	-0.643998941173777
166	4.15	-0.0920193314086646	-0.643998941173777
167	4.175	-0.0907296594232321	-0.643998941173777
168	4.2	-0.0907296594232321	-0.643998941173777
169	4.225	-0.0881503154523671	-0.643998941173777
170	4.25	-0.0894399874377996	-0.643998941173777
171	4.275	-0.0920193314086646	-0.643998941173777
172	4.3	-0.0868606434669346	-0.643998941173777
173	4.325	-0.0868606434669346	-0.643998941173777
174	4.35	-0.082991627510637	-0.643998941173777
175	4.375	-0.0842812994960696	-0.642709269188344
176	4.4	-0.082991627510637	-0.642709269188344
177	4.425	-0.080412283539772	-0.642709269188344
178	4.45	-0.080412283539772	-0.641419597202912
179	4.475	-0.0791226115543395	-0.641419597202912
180	4.5	-0.082991627510637	-0.641419597202912
181	4.525	-0.0817019555252045	-0.640129925217479
182	4.55	-0.0842812994960696	-0.638840253232047
183	4.575	-0.080412283539772	-0.640129925217479
184	4.6	-0.0817019555252045	-0.638840253232047
185	4.625	-0.080412283539772	-0.637550581246614
186	4.65	-0.0791226115543395	-0.637550581246614
187	4.675	-0.082991627510637	-0.636260909261182
188	4.7	-0.0817019555252045	-0.637550581246614
189	4.725	-0.0791226115543395	-0.634971237275749
190	4.75	-0.0817019555252045	-0.636260909261182
191	4.775	-0.082991627510637	-0.634971237275749
192	4.8	-0.0842812994960696	-0.634971237275749
193	4.825	-0.0842812994960696	-0.633681565290317
194	4.85	-0.0842812994960696	-0.632391893304884
195	4.875	-0.0842812994960696	-0.632391893304884
196	4.9	-0.082991627510637	-0.632391893304884
197	4.925	-0.0855709714815021	-0.631102221319452
198	4.95	-0.0842812994960696	-0.629812549334019
199	4.975	-0.0842812994960696	-0.629812549334019
200	5	-0.0881503154523671	-0.628522877348587
201	5.025	-0.0881503154523671	-0.628522877348587
202	5.05	-0.0855709714815021	-0.627233205363154
203	5.075	-0.0868606434669346	-0.627233205363154
204	5.1	-0.0855709714815021	-0.625943533377722
205	5.125	-0.0881503154523671	-0.625943533377722
206	5.15	-0.0868606434669346	-0.624653861392289
207	5.175	-0.0894399874377996	-0.624653861392289
208	5.2	-0.0881503154523671	-0.623364189406857
209	5.225	-0.0881503154523671	-0.620784845435992
210	5.25	-0.0868606434669346	-0.620784845435992
211	5.275	-0.0920193314086646	-0.620784845435992
212	5.3	-0.0894399874377996	-0.619495173450559
213	5.325	-0.0920193314086646	-0.618205501465127
214	5.35	-0.0894399874377996	-0.618205501465127
215	5.375	-0.0958883473649621	-0.616915829479694
216	5.4	-0.0958883473649621	-0.614336485508829
217	5.425	-0.0984676913358271	-0.614336485508829
218	5.45	-0.0958883473649621	-0.613046813523397
219	5.475	-0.0984676913358271	-0.613046813523397
220	5.5	-0.0984676913358271	-0.611757141537964
221	5.525	-0.101047035306692	-0.610467469552532
222	5.55	-0.0997573633212596	-0.609177797567099
223	5.575	-0.107495395233855	-0.607888125581667
224	5.6	-0.107495395233855	-0.607888125581667
225	5.625	-0.108785067219287	-0.605308781610802
226	5.65	-0.11007473920472	-0.605308781610802
227	5.675	-0.112654083175585	-0.604019109625369
228	5.7	-0.111364411190152	-0.604019109625369
229	5.725	-0.116523099131882	-0.602729437639937
230	5.75	-0.116523099131882	-0.601439765654504
231	5.775	-0.116523099131882	-0.600150093669072
232	5.8	-0.116523099131882	-0.600150093669072
233	5.825	-0.119102443102747	-0.598860421683639
234	5.85	-0.116523099131882	-0.597570749698207
235	5.875	-0.119102443102747	-0.596281077712774
236	5.9	-0.119102443102747	-0.596281077712774
237	5.925	-0.119102443102747	-0.593701733741909
238	5.95	-0.12039211508818	-0.593701733741909
239	5.975	-0.119102443102747	-0.593701733741909
240	6	-0.119102443102747	-0.592412061756477
241	6.025	-0.119102443102747	-0.591122389771044
242	6.05	-0.12039211508818	-0.589832717785612
243	6.075	-0.117812771117315	-0.588543045800179
244	6.1	-0.11523342714645	-0.587253373814747
245	6.125	-0.116523099131882	-0.587253373814747
246	6.15	-0.119102443102747	-0.585963701829314
247	6.175	-0.117812771117315	-0.584674029843882
248	6.2	-0.116523099131882	-0.583384357858449
249	6.225	-0.117812771117315	-0.583384357858449
250	6.25	-0.116523099131882	-0.580805013887584
251	6.275	-0.12039211508818	-0.579515341902152
252	6.3	-0.117812771117315	-0.579515341902152
253	6.325	-0.119102443102747	-0.578225669916719
254	6.35	-0.119102443102747	-0.575646325945854
255	6.375	-0.124261131044477	-0.575646325945854
256	6.4	-0.12555080302991	-0.574356653960422
257	6.425	-0.128130147000775	-0.574356653960422
258	6.45	-0.12555080302991	-0.573066981974989
259	6.475	-0.129419818986207	-0.571777309989557
260	6.5	-0.126840475015342	-0.570487638004124
261	6.525	-0.13070949097164	-0.569197966018692
262	6.55	-0.124261131044477	-0.567908294033259
263	6.575	-0.122971459059045	-0.567908294033259
264	6.6	-0.121681787073612	-0.566618622047827
265	6.625	-0.122971459059045	-0.565328950062394
266	6.65	-0.119102443102747	-0.564039278076962
267	6.675	-0.116523099131882	-0.562749606091529
268	6.7	-0.112654083175585	-0.562749606091529
269	6.725	-0.113943755161017	-0.561459934106097
270	6.75	-0.111364411190152	-0.560170262120664
271	6.775	-0.111364411190152	-0.558880590135232
272	6.8	-0.10491605126299	-0.558880590135232
273	6.825	-0.106205723248422	-0.556301246164367
274	6.85	-0.106205723248422	-0.556301246164367
275	6.875	-0.106205723248422	-0.555011574178934
276	6.9	-0.106205723248422	-0.553721902193502
277	6.925	-0.10491605126299	-0.553721902193502
278	6.95	-0.103626379277557	-0.552432230208069
279	6.975	-0.103626379277557	-0.551142558222637
280	7	-0.10491605126299	-0.551142558222637
281	7.025	-0.106205723248422	-0.549852886237204
282	7.05	-0.103626379277557	-0.548563214251772
283	7.075	-0.106205723248422	-0.548563214251772
284	7.1	-0.10491605126299	-0.547273542266339
285	7.125	-0.108785067219287	-0.545983870280907
286	7.15	-0.108785067219287	-0.545983870280907
287	7.175	-0.11007473920472	-0.544694198295474
288	7.2	-0.111364411190152	-0.544694198295474
289	7.225	-0.112654083175585	-0.543404526310042
290	7.25	-0.11523342714645	-0.542114854324609
291	7.275	-0.12039211508818	-0.540825182339177
292	7.3	-0.121681787073612	-0.540825182339177
293	7.325	-0.121681787073612	-0.539535510353744
294	7.35	-0.124261131044477	-0.538245838368312
295	7.375	-0.13070949097164	-0.538245838368312
296	7.4	-0.131999162957072	-0.536956166382879
297	7.425	-0.133288834942505	-0.536956166382879
298	7.45	-0.134578506927937	-0.535666494397447
299	7.475	-0.13586817891337	-0.535666494397447
300	7.5	-0.1410268668551	-0.534376822412014
301	7.525	-0.1410268668551	-0.533087150426582
302	7.55	-0.138447522884235	-0.531797478441149
303	7.575	-0.144895882811397	-0.530507806455716
304	7.6	-0.142316538840532	-0.530507806455716
305	7.625	-0.142316538840532	-0.530507806455716
306	7.65	-0.143606210825965	-0.529218134470284
307	7.675	-0.14618555479683	-0.527928462484851
308	7.7	-0.147475226782262	-0.527928462484851
309	7.725	-0.147475226782262	-0.527928462484851
310	7.75	-0.144895882811397	-0.526638790499419
311	7.775	-0.147475226782262	-0.525349118513986
312	7.8	-0.148764898767695	-0.525349118513986
313	7.825	-0.150054570753127	-0.524059446528554
314	7.85	-0.14618555479683	-0.524059446528554
315	7.875	-0.147475226782262	-0.524059446528554
316	7.9	-0.150054570753127	-0.522769774543121
317	7.925	-0.14618555479683	-0.522769774543121
318	7.95	-0.142316538840532	-0.521480102557689
319	7.975	-0.144895882811397	-0.520190430572256
320	8	-0.1410268668551	-0.520190430572256
321	8.025	-0.144895882811397	-0.520190430572256
322	8.05	-0.1410268668551	-0.518900758586824
323	8.075	-0.138447522884235	-0.517611086601391
324	8.1	-0.1410268668551	-0.517611086601391
325	8.125	-0.1410268668551	-0.517611086601391
326	8.15	-0.143606210825965	-0.517611086601391
327	8.175	-0.139737194869667	-0.516321414615959
328	8.2	-0.13586817891337	-0.516321414615959
329	8.225	-0.1410268668551	-0.515031742630526
330	8.25	-0.142316538840532	-0.515031742630526
331	8.275	-0.142316538840532	-0.515031742630526
332	8.3	-0.139737194869667	-0.513742070645094
333	8.325	-0.139737194869667	-0.513742070645094
334	8.35	-0.1410268668551	-0.512452398659661
335	8.375	-0.144895882811397	-0.511162726674229
336	8.4	-0.1410268668551	-0.511162726674229
337	8.425	-0.1410268668551	-0.511162726674229
338	8.45	-0.1410268668551	-0.509873054688796
339	8.475	-0.142316538840532	-0.509873054688796
340	8.5	-0.139737194869667	-0.508583382703364
341	8.525	-0.142316538840532	-0.508583382703364
342	8.55	-0.143606210825965	-0.507293710717931
343	8.575	-0.144895882811397	-0.507293710717931
344	8.6	-0.148764898767695	-0.507293710717931
345	8.625	-0.15134424273856	-0.506004038732499
346	8.65	-0.147475226782262	-0.504714366747066
347	8.675	-0.153923586709425	-0.504714366747066
348	8.7	-0.152633914723992	-0.503424694761634
349	8.725	-0.152633914723992	-0.503424694761634
350	8.75	-0.155213258694857	-0.502135022776201
351	8.775	-0.153923586709425	-0.502135022776201
352	8.8	-0.157792602665722	-0.500845350790769
353	8.825	-0.160371946636587	-0.500845350790769
354	8.85	-0.157792602665722	-0.499555678805336
355	8.875	-0.160371946636587	-0.499555678805336
356	8.9	-0.160371946636587	-0.498266006819904
357	8.925	-0.165530634578317	-0.498266006819904
358	8.95	-0.165530634578317	-0.496976334834471
359	8.975	-0.16166161862202	-0.496976334834471
360	9	-0.160371946636587	-0.496976334834471
361	9.025	-0.162951290607452	-0.495686662849039
362	9.05	-0.164240962592885	-0.494396990863606
363	9.075	-0.164240962592885	-0.494396990863606
364	9.1	-0.164240962592885	-0.494396990863606
365	9.125	-0.165530634578317	-0.493107318878174
366	9.15	-0.168109978549182	-0.493107318878174
367	9.175	-0.170689322520047	-0.491817646892741
368	9.2	-0.17197899450548	-0.491817646892741
369	9.225	-0.170689322520047	-0.491817646892741
370	9.25	-0.17197899450548	-0.490527974907309
371	9.275	-0.175848010461777	-0.490527974907309
372	9.3	-0.173268666490912	-0.489238302921876
373	9.325	-0.173268666490912	-0.489238302921876
374	9.35	-0.173268666490912	-0.487948630936444
375	9.375	-0.175848010461777	-0.487948630936444
376	9.4	-0.175848010461777	-0.486658958951011
377	9.425	-0.17713768244721	-0.486658958951011
378	9.45	-0.174558338476345	-0.486658958951011
379	9.475	-0.175848010461777	-0.485369286965579
380	9.5	-0.175848010461777	-0.484079614980146
381	9.525	-0.175848010461777	-0.484079614980146
382	9.55	-0.174558338476345	-0.482789942994714
383	9.575	-0.17713768244721	-0.482789942994714
384	9.6	-0.174558338476345	-0.482789942994714
385	9.625	-0.17713768244721	-0.481500271009281
386	9.65	-0.170689322520047	-0.480210599023849
387	9.675	-0.174558338476345	-0.480210599023849
388	9.7	-0.174558338476345	-0.480210599023849
389	9.725	-0.17197899450548	-0.478920927038416
390	9.75	-0.17197899450548	-0.478920927038416
391	9.775	-0.170689322520047	-0.477631255052984
392	9.8	-0.17197899450548	-0.477631255052984
393	9.825	-0.175848010461777	-0.476341583067551
394	9.85	-0.169399650534615	-0.475051911082119
395	9.875	-0.17197899450548	-0.475051911082119
396	9.9	-0.170689322520047	-0.475051911082119
397	9.925	-0.173268666490912	-0.473762239096686
398	9.95	-0.173268666490912	-0.472472567111254
399	9.975	-0.179717026418075	-0.472472567111254
400	10	-0.179717026418075	-0.471182895125821
401	10.025	-0.178427354432642	-0.471182895125821
402	10.05	-0.175848010461777	-0.469893223140389
403	10.075	-0.184875714359805	-0.469893223140389
404	10.1	-0.184875714359805	-0.468603551154956
405	10.125	-0.181006698403507	-0.467313879169524
406	10.15	-0.179717026418075	-0.467313879169524
407	10.175	-0.181006698403507	-0.466024207184091
408	10.2	-0.186165386345237	-0.466024207184091
409	10.225	-0.183586042374372	-0.464734535198659
410	10.25	-0.181006698403507	-0.464734535198659
411	10.275	-0.18745505833067	-0.463444863213226
412	10.3	-0.184875714359805	-0.462155191227794
413	10.325	-0.18229637038894	-0.462155191227794
414	10.35	-0.18229637038894	-0.462155191227794
415	10.375	-0.18229637038894	-0.462155191227794
416	10.4	-0.184875714359805	-0.459575847256929
417	10.425	-0.183586042374372	-0.459575847256929
418	10.45	-0.183586042374372	-0.458286175271496
419	10.475	-0.179717026418075	-0.456996503286064
420	10.5	-0.184875714359805	-0.456996503286064
421	10.525	-0.179717026418075	-0.455706831300631
422	10.55	-0.18229637038894	-0.455706831300631
423	10.575	-0.178427354432642	-0.455706831300631
424	10.6	-0.175848010461777	-0.454417159315199
425	10.625	-0.179717026418075	-0.454417159315199
426	10.65	-0.174558338476345	-0.453127487329766
427	10.675	-0.178427354432642	-0.451837815344334
428	10.7	-0.173268666490912	-0.451837815344334
429	10.725	-0.17713768244721	-0.450548143358901
430	10.75	-0.169399650534615	-0.450548143358901
431	10.775	-0.173268666490912	-0.449258471373469
432	10.8	-0.168109978549182	-0.449258471373469
433	10.825	-0.170689322520047	-0.447968799388036
434	10.85	-0.169399650534615	-0.447968799388036
435	10.875	-0.17197899450548	-0.446679127402604
436	10.9	-0.170689322520047	-0.446679127402604
437	10.925	-0.169399650534615	-0.445389455417171
438	10.95	-0.170689322520047	-0.444099783431739
439	10.975	-0.174558338476345	-0.442810111446306
440	11	-0.169399650534615	-0.442810111446306
441	11.025	-0.170689322520047	-0.442810111446306
442	11.05	-0.173268666490912	-0.441520439460874
443	11.075	-0.175848010461777	-0.441520439460874
444	11.1	-0.17713768244721	-0.440230767475441
445	11.125	-0.179717026418075	-0.440230767475441
446	11.15	-0.183586042374372	-0.438941095490009
447	11.175	-0.18745505833067	-0.437651423504576
448	11.2	-0.188744730316103	-0.437651423504576
449	11.225	-0.1926137462724	-0.437651423504576
450	11.25	-0.188744730316103	-0.436361751519144
451	11.275	-0.193903418257833	-0.435072079533711
452	11.3	-0.193903418257833	-0.435072079533711
453	11.325	-0.195193090243265	-0.433782407548279
454	11.35	-0.19777243421413	-0.432492735562846
455	11.375	-0.196482762228698	-0.431203063577414
456	11.4	-0.201641450170428	-0.431203063577414
457	11.425	-0.19777243421413	-0.431203063577414
458	11.45	-0.206800138112158	-0.429913391591981
459	11.475	-0.20293112215586	-0.428623719606549
460	11.5	-0.199062106199563	-0.427334047621116
461	11.525	-0.201641450170428	-0.427334047621116
462	11.55	-0.204220794141293	-0.426044375635684
463	11.575	-0.201641450170428	-0.426044375635684
464	11.6	-0.199062106199563	-0.424754703650251
465	11.625	-0.19777243421413	-0.424754703650251
466	11.65	-0.199062106199563	-0.423465031664819
467	11.675	-0.19777243421413	-0.422175359679386
468	11.7	-0.1926137462724	-0.420885687693954
469	11.725	-0.188744730316103	-0.420885687693954
470	11.75	-0.193903418257833	-0.419596015708521
471	11.775	-0.18745505833067	-0.418306343723089
472	11.8	-0.183586042374372	-0.418306343723089
473	11.825	-0.186165386345237	-0.417016671737656
474	11.85	-0.184875714359805	-0.415726999752223
475	11.875	-0.183586042374372	-0.415726999752223
476	11.9	-0.183586042374372	-0.415726999752223
477	11.925	-0.181006698403507	-0.413147655781358
478	11.95	-0.18229637038894	-0.413147655781358
479	11.975	-0.18229637038894	-0.411857983795926
480	12	-0.181006698403507	-0.411857983795926
481	12.025	-0.181006698403507	-0.410568311810493
482	12.05	-0.184875714359805	-0.409278639825061
483	12.075	-0.18229637038894	-0.409278639825061
484	12.1	-0.186165386345237	-0.407988967839628
485	12.125	-0.18745505833067	-0.407988967839628
486	12.15	-0.186165386345237	-0.406699295854196
487	12.175	-0.193903418257833	-0.406699295854196
488	12.2	-0.190034402301535	-0.405409623868763
489	12.225	-0.1926137462724	-0.405409623868763
490	12.25	-0.1926137462724	-0.404119951883331
491	12.275	-0.196482762228698	-0.404119951883331
492	12.3	-0.20293112215586	-0.402830279897898
493	12.325	-0.204220794141293	-0.401540607912466
494	12.35	-0.204220794141293	-0.400250935927033
495	12.375	-0.211958826053888	-0.400250935927033
496	12.4	-0.214538170024753	-0.400250935927033
497	12.425	-0.215827842010185	-0.398961263941601
498	12.45	-0.210669154068455	-0.397671591956168
499	12.475	-0.217117513995618	-0.397671591956168
500	12.5	-0.220986529951915	-0.396381919970736
501	12.525	-0.222276201937348	-0.396381919970736
502	12.55	-0.22872456186451	-0.395092247985303
503	12.575	-0.23388324980624	-0.395092247985303
504	12.6	-0.236462593777105	-0.395092247985303
505	12.625	-0.23904193774797	-0.393802575999871
506	12.65	-0.240331609733403	-0.392512904014438
507	12.675	-0.241621281718835	-0.392512904014438
508	12.7	-0.248069641645998	-0.391223232029006
509	12.725	-0.251938657602295	-0.391223232029006
510	12.75	-0.24935931363143	-0.389933560043573
511	12.775	-0.25451800157316	-0.388643888058141
512	12.8	-0.255807673558593	-0.388643888058141
513	12.825	-0.253228329587728	-0.388643888058141
514	12.85	-0.258387017529458	-0.387354216072708
515	12.875	-0.26483537745662	-0.386064544087276
516	12.9	-0.262256033485755	-0.386064544087276
517	12.925	-0.260966361500323	-0.384774872101843
518	12.95	-0.258387017529458	-0.384774872101843
519	12.975	-0.263545705471188	-0.383485200116411
520	13	-0.260966361500323	-0.382195528130978
521	13.025	-0.258387017529458	-0.382195528130978
522	13.05	-0.260966361500323	-0.382195528130978
523	13.075	-0.260966361500323	-0.380905856145546
524	13.1	-0.260966361500323	-0.380905856145546
525	13.125	-0.25967668951489	-0.379616184160113
526	13.15	-0.257097345544025	-0.379616184160113
527	13.175	-0.268704393412918	-0.379616184160113
528	13.2	-0.258387017529458	-0.378326512174681
529	13.225	-0.25451800157316	-0.377036840189248
530	13.25	-0.262256033485755	-0.377036840189248
531	13.275	-0.26483537745662	-0.375747168203816
532	13.3	-0.262256033485755	-0.375747168203816
533	13.325	-0.262256033485755	-0.375747168203816
534	13.35	-0.263545705471188	-0.374457496218383
535	13.375	-0.266125049442053	-0.373167824232951
536	13.4	-0.273863081354648	-0.373167824232951
537	13.425	-0.273863081354648	-0.370588480262086
538	13.45	-0.27515275334008	-0.370588480262086
539	13.475	-0.28547012922354	-0.370588480262086
540	13.5	-0.29062881716527	-0.369298808276653
541	13.525	-0.291918489150703	-0.369298808276653
542	13.55	-0.293208161136135	-0.368009136291221
543	13.575	-0.303525537019596	-0.368009136291221
544	13.6	-0.307394552975893	-0.366719464305788
545	13.625	-0.316422256873921	-0.365429792320356
546	13.65	-0.319001600844786	-0.364140120334923
547	13.675	-0.328029304742813	-0.362850448349491
548	13.7	-0.338346680626273	-0.362850448349491
549	13.725	-0.343505368568003	-0.361560776364058
550	13.75	-0.339636352611706	-0.361560776364058
551	13.775	-0.353822744451463	-0.360271104378626
552	13.8	-0.353822744451463	-0.358981432393193
553	13.825	-0.361560776364058	-0.358981432393193
554	13.85	-0.365429792320356	-0.358981432393193
555	13.875	-0.375747168203816	-0.357691760407761
556	13.9	-0.375747168203816	-0.357691760407761
557	13.925	-0.380905856145546	-0.356402088422328
558	13.95	-0.392512904014438	-0.355112416436896
559	13.975	-0.397671591956168	-0.355112416436896
560	14	-0.400250935927033	-0.353822744451463
561	14.025	-0.404119951883331	-0.352533072466031
562	14.05	-0.404119951883331	-0.351243400480598
563	14.075	-0.404119951883331	-0.351243400480598
564	14.1	-0.402830279897898	-0.349953728495166
565	14.125	-0.404119951883331	-0.349953728495166
566	14.15	-0.411857983795926	-0.349953728495166
567	14.175	-0.410568311810493	-0.348664056509733
568	14.2	-0.411857983795926	-0.347374384524301
569	14.225	-0.413147655781358	-0.347374384524301
570	14.25	-0.413147655781358	-0.346084712538868
571	14.275	-0.419596015708521	-0.346084712538868
572	14.3	-0.407988967839628	-0.344795040553436
573	14.325	-0.417016671737656	-0.344795040553436
574	14.35	-0.417016671737656	-0.343505368568003
575	14.375	-0.414437327766791	-0.343505368568003
576	14.4	-0.411857983795926	-0.342215696582571
577	14.425	-0.411857983795926	-0.342215696582571
578	14.45	-0.413147655781358	-0.340926024597138
579	14.475	-0.419596015708521	-0.339636352611706
580	14.5	-0.415726999752223	-0.338346680626273
581	14.525	-0.417016671737656	-0.338346680626273
582	14.55	-0.419596015708521	-0.337057008640841
583	14.575	-0.423465031664819	-0.337057008640841
584	14.6	-0.422175359679386	-0.335767336655408
585	14.625	-0.428623719606549	-0.335767336655408
586	14.65	-0.423465031664819	-0.334477664669976
587	14.675	-0.420885687693954	-0.334477664669976
588	14.7	-0.423465031664819	-0.333187992684543
589	14.725	-0.427334047621116	-0.333187992684543
590	14.75	-0.424754703650251	-0.331898320699111
591	14.775	-0.427334047621116	-0.331898320699111
592	14.8	-0.433782407548279	-0.330608648713678
593	14.825	-0.440230767475441	-0.330608648713678
594	14.85	-0.433782407548279	-0.329318976728246
595	14.875	-0.436361751519144	-0.329318976728246
596	14.9	-0.432492735562846	-0.328029304742813
597	14.925	-0.433782407548279	-0.326739632757381
598	14.95	-0.441520439460874	-0.326739632757381
599	14.975	-0.438941095490009	-0.325449960771948
600	15	-0.438941095490009	-0.325449960771948
601	15.025	-0.440230767475441	-0.325449960771948
602	15.05	-0.438941095490009	-0.324160288786516
603	15.075	-0.446679127402604	-0.322870616801083
604	15.1	-0.437651423504576	-0.322870616801083
605	15.125	-0.445389455417171	-0.322870616801083
606	15.15	-0.445389455417171	-0.321580944815651
607	15.175	-0.442810111446306	-0.320291272830218
608	15.2	-0.438941095490009	-0.320291272830218
609	15.225	-0.438941095490009	-0.319001600844786
610	15.25	-0.433782407548279	-0.319001600844786
611	15.275	-0.436361751519144	-0.317711928859353
612	15.3	-0.427334047621116	-0.317711928859353
613	15.325	-0.428623719606549	-0.316422256873921
614	15.35	-0.427334047621116	-0.315132584888488
615	15.375	-0.420885687693954	-0.315132584888488
616	15.4	-0.420885687693954	-0.313842912903056
617	15.425	-0.418306343723089	-0.313842912903056
618	15.45	-0.410568311810493	-0.312553240917623
619	15.475	-0.409278639825061	-0.311263568932191
620	15.5	-0.406699295854196	-0.309973896946758
621	15.525	-0.409278639825061	-0.308684224961326
622	15.55	-0.401540607912466	-0.309973896946758
623	15.575	-0.402830279897898	-0.307394552975893
624	15.6	-0.392512904014438	-0.307394552975893
625	15.625	-0.389933560043573	-0.307394552975893
626	15.65	-0.383485200116411	-0.306104880990461
627	15.675	-0.382195528130978	-0.304815209005028
628	15.7	-0.383485200116411	-0.303525537019596
629	15.725	-0.379616184160113	-0.303525537019596
630	15.75	-0.371878152247518	-0.302235865034163
631	15.775	-0.373167824232951	-0.30094619304873
632	15.8	-0.375747168203816	-0.30094619304873
633	15.825	-0.371878152247518	-0.299656521063298
634	15.85	-0.371878152247518	-0.299656521063298
635	15.875	-0.373167824232951	-0.298366849077865
636	15.9	-0.375747168203816	-0.298366849077865
637	15.925	-0.378326512174681	-0.297077177092433
638	15.95	-0.378326512174681	-0.297077177092433
639	15.975	-0.383485200116411	-0.295787505107
640	16	-0.380905856145546	-0.294497833121568
641	16.025	-0.388643888058141	-0.293208161136135
642	16.05	-0.383485200116411	-0.293208161136135
643	16.075	-0.383485200116411	-0.293208161136135
644	16.1	-0.384774872101843	-0.291918489150703
645	16.125	-0.393802575999871	-0.29062881716527
646	16.15	-0.400250935927033	-0.29062881716527
647	16.175	-0.404119951883331	-0.289339145179838
648	16.2	-0.406699295854196	-0.288049473194405
649	16.225	-0.411857983795926	-0.288049473194405
650	16.25	-0.415726999752223	-0.288049473194405
651	16.275	-0.423465031664819	-0.286759801208973
652	16.3	-0.427334047621116	-0.28547012922354
653	16.325	-0.429913391591981	-0.28547012922354
654	16.35	-0.436361751519144	-0.284180457238108
655	16.375	-0.442810111446306	-0.282890785252675
656	16.4	-0.441520439460874	-0.282890785252675
657	16.425	-0.446679127402604	-0.282890785252675
658	16.45	-0.442810111446306	-0.281601113267243
659	16.475	-0.453127487329766	-0.281601113267243
660	16.5	-0.456996503286064	-0.279021769296378
661	16.525	-0.456996503286064	-0.279021769296378
662	16.55	-0.450548143358901	-0.277732097310945
663	16.575	-0.460865519242361	-0.277732097310945
664	16.6	-0.454417159315199	-0.276442425325513
665	16.625	-0.458286175271496	-0.27515275334008
666	16.65	-0.451837815344334	-0.273863081354648
667	16.675	-0.459575847256929	-0.273863081354648
668	16.7	-0.451837815344334	-0.273863081354648
669	16.725	-0.456996503286064	-0.271283737383783
670	16.75	-0.450548143358901	-0.26999406539835
671	16.775	-0.446679127402604	-0.26999406539835
672	16.8	-0.447968799388036	-0.268704393412918
673	16.825	-0.459575847256929	-0.268704393412918
674	16.85	-0.455706831300631	-0.267414721427485
675	16.875	-0.451837815344334	-0.266125049442053
676	16.9	-0.451837815344334	-0.26483537745662
677	16.925	-0.464734535198659	-0.26483537745662
678	16.95	-0.460865519242361	-0.263545705471188
679	16.975	-0.467313879169524	-0.263545705471188
680	17	-0.464734535198659	-0.262256033485755
681	17.025	-0.475051911082119	-0.260966361500323
682	17.05	-0.471182895125821	-0.25967668951489
683	17.075	-0.481500271009281	-0.25967668951489
684	17.1	-0.486658958951011	-0.258387017529458
685	17.125	-0.496976334834471	-0.257097345544025
686	17.15	-0.498266006819904	-0.257097345544025
687	17.175	-0.507293710717931	-0.255807673558593
688	17.2	-0.507293710717931	-0.25451800157316
689	17.225	-0.511162726674229	-0.25451800157316
690	17.25	-0.502135022776201	-0.253228329587728
691	17.275	-0.512452398659661	-0.253228329587728
692	17.3	-0.517611086601391	-0.251938657602295
693	17.325	-0.518900758586824	-0.250648985616863
694	17.35	-0.522769774543121	-0.250648985616863
695	17.375	-0.530507806455716	-0.24935931363143
696	17.4	-0.533087150426582	-0.248069641645998
697	17.425	-0.538245838368312	-0.248069641645998
698	17.45	-0.535666494397447	-0.248069641645998
699	17.475	-0.531797478441149	-0.246779969660565
700	17.5	-0.539535510353744	-0.245490297675133
701	17.525	-0.544694198295474	-0.245490297675133
702	17.55	-0.542114854324609	-0.245490297675133
703	17.575	-0.544694198295474	-0.2442006256897
704	17.6	-0.540825182339177	-0.242910953704268
705	17.625	-0.545983870280907	-0.242910953704268
706	17.65	-0.545983870280907	-0.241621281718835
707	17.675	-0.547273542266339	-0.241621281718835
708	17.7	-0.536956166382879	-0.240331609733403
709	17.725	-0.543404526310042	-0.23904193774797
710	17.75	-0.540825182339177	-0.23904193774797
711	17.775	-0.542114854324609	-0.237752265762538
712	17.8	-0.535666494397447	-0.237752265762538
713	17.825	-0.544694198295474	-0.236462593777105
714	17.85	-0.526638790499419	-0.235172921791673
715	17.875	-0.536956166382879	-0.235172921791673
716	17.9	-0.533087150426582	-0.23388324980624
717	17.925	-0.531797478441149	-0.23388324980624
718	17.95	-0.530507806455716	-0.232593577820808
719	17.975	-0.530507806455716	-0.232593577820808
720	18	-0.525349118513986	-0.231303905835375
721	18.025	-0.530507806455716	-0.231303905835375
722	18.05	-0.529218134470284	-0.230014233849943
723	18.075	-0.536956166382879	-0.22872456186451
724	18.1	-0.534376822412014	-0.22872456186451
725	18.125	-0.540825182339177	-0.227434889879078
726	18.15	-0.545983870280907	-0.227434889879078
727	18.175	-0.551142558222637	-0.226145217893645
728	18.2	-0.561459934106097	-0.226145217893645
729	18.225	-0.565328950062394	-0.224855545908213
730	18.25	-0.566618622047827	-0.224855545908213
731	18.275	-0.573066981974989	-0.22356587392278
732	18.3	-0.585963701829314	-0.22356587392278
733	18.325	-0.591122389771044	-0.222276201937348
734	18.35	-0.596281077712774	-0.220986529951915
735	18.375	-0.616915829479694	-0.220986529951915
736	18.4	-0.628522877348587	-0.220986529951915
737	18.425	-0.649157629115507	-0.219696857966483
738	18.45	-0.66592336492613	-0.219696857966483
739	18.475	-0.680109756765887	-0.21840718598105
740	18.5	-0.669792380882427	-0.217117513995618
741	18.525	-0.689137460663915	-0.217117513995618
742	18.55	-0.70719286845997	-0.215827842010185
743	18.575	-0.71751024434343	-0.215827842010185
744	18.6	-0.729117292212322	-0.214538170024753
745	18.625	-0.760069419862702	-0.21324849803932
746	18.65	-0.783283515600488	-0.21324849803932
747	18.675	-0.806497611338273	-0.211958826053888
748	18.7	-0.814235643250868	-0.211958826053888
749	18.725	-0.842608426930383	-0.210669154068455
750	18.75	-0.849056786857545	-0.209379482083023
751	18.775	-0.881298586493358	-0.209379482083023
752	18.8	-0.909671370172873	-0.209379482083023
753	18.825	-0.929016449954361	-0.20808981009759
754	18.85	-0.943202841794118	-0.206800138112158
755	18.875	-0.958678905619308	-0.206800138112158
756	18.9	-0.968996281502768	-0.205510466126725
757	18.925	-0.990920705255121	-0.205510466126725
758	18.95	-0.997369065182284	-0.204220794141293
759	18.975	-1.01671414496377	-0.204220794141293
760	19	-1.00897611305118	-0.20293112215586
761	19.025	-1.03347988077439	-0.201641450170428
762	19.05	-1.04637660062872	-0.200351778184995
763	19.075	-1.04766627261415	-0.200351778184995
764	19.1	-1.05540430452675	-0.200351778184995
765	19.125	-1.0811977442354	-0.199062106199563
766	19.15	-1.0811977442354	-0.19777243421413
767	19.175	-1.09151512011886	-0.19777243421413
768	19.2	-1.07990807224996	-0.196482762228698
769	19.225	-1.10441183997318	-0.195193090243265
770	19.25	-1.10957052791491	-0.195193090243265
771	19.275	-1.14181232755072	-0.193903418257833
772	19.3	-1.14568134350702	-0.193903418257833
773	19.325	-1.16889543924481	-0.1926137462724
774	19.35	-1.18566117505543	-0.1926137462724
775	19.375	-1.19597855093889	-0.191324074286968
776	19.4	-1.21145461476408	-0.191324074286968
777	19.425	-1.25014477432705	-0.190034402301535
778	19.45	-1.26820018212311	-0.188744730316103
779	19.475	-1.28883493389003	-0.188744730316103
780	19.5	-1.29915230977349	-0.188744730316103
781	19.525	-1.34171148529276	-0.18745505833067
782	19.55	-1.35460820514709	-0.18745505833067
783	19.575	-1.39845705265179	-0.186165386345237
784	19.6	-1.43714721221477	-0.184875714359805
785	19.625	-1.48357540369034	-0.184875714359805
786	19.65	-1.50936884339899	-0.184875714359805
787	19.675	-1.56869375472888	-0.183586042374372
788	19.7	-1.62543932208791	-0.18229637038894
789	19.725	-1.70539898518473	-0.181006698403507
790	19.75	-1.73764078482054	-0.18229637038894
791	19.775	-1.80083471210673	-0.181006698403507
792	19.8	-1.83436618372798	-0.179717026418075
793	19.825	-1.9143258468248	-0.179717026418075
794	19.85	-1.92077420675196	-0.178427354432642
795	19.875	-1.94527797447518	-0.178427354432642
796	19.9	-2.00073386984877	-0.17713768244721
797	19.925	-2.07682451698929	-0.17713768244721
798	19.95	-2.09745926875621	-0.175848010461777
799	19.975	-2.14646680420265	-0.174558338476345
800	20	-2.24448187509552	-0.174558338476345
801	20.025	-2.34894530591555	-0.174558338476345
802	20.05	-2.38376644952223	-0.173268666490912
803	20.075	-2.39924251334742	-0.17197899450548
804	20.1	-2.4301946409978	-0.17197899450548
805	20.125	-2.5256303679198	-0.17197899450548
806	20.15	-2.5372374157887	-0.170689322520047
807	20.175	-2.59785199910402	-0.169399650534615
808	20.2	-2.65072855050676	-0.169399650534615
809	20.225	-2.69844641396776	-0.169399650534615
810	20.25	-2.70618444588035	-0.168109978549182
811	20.275	-2.75777132529765	-0.168109978549182
812	20.3	-2.8390206603799	-0.16682030656375
813	20.325	-2.87771081994288	-0.16682030656375
814	20.35	-2.87513147597201	-0.165530634578317
815	20.375	-2.92026999546215	-0.165530634578317
816	20.4	-2.93316671531647	-0.164240962592885
817	20.425	-3.02473342628218	-0.164240962592885
818	20.45	-3.03891981812194	-0.162951290607452
819	20.475	-3.05181653797626	-0.16166161862202
820	20.5	-3.08534800959751	-0.16166161862202
821	20.525	-3.14080390497111	-0.16166161862202
822	20.55	-3.14338324894197	-0.16166161862202
823	20.575	-3.200128816301	-0.160371946636587
824	20.6	-3.22721192799509	-0.160371946636587
825	20.625	-3.27879880741239	-0.159082274651155
826	20.65	-3.3149096230045	-0.159082274651155
827	20.675	-3.34457207866944	-0.157792602665722
828	20.7	-3.32909601484425	-0.157792602665722
829	20.725	-3.37681387830526	-0.15650293068029
830	20.75	-3.38455191021785	-0.15650293068029
831	20.775	-3.40389698999934	-0.15650293068029
832	20.8	-3.40131764602847	-0.155213258694857
833	20.825	-3.50320173287764	-0.155213258694857
834	20.85	-3.54060222045518	-0.153923586709425
835	20.875	-3.58445106795989	-0.153923586709425
836	20.9	-3.59863745979965	-0.152633914723992
837	20.925	-3.68117646686733	-0.152633914723992
838	20.95	-3.73792203422636	-0.15134424273856
839	20.975	-3.83851644909009	-0.15134424273856
840	21	-3.92879348807037	-0.15134424273856
841	21.025	-4.08226445433684	-0.150054570753127
842	21.05	-4.1441687096376	-0.150054570753127
843	21.075	-4.1918865730986	-0.148764898767695
844	21.1	-4.23831476457417	-0.147475226782262
845	21.125	-4.41628949856386	-0.147475226782262
846	21.15	-4.52075292938389	-0.147475226782262
847	21.175	-4.65874783182517	-0.14618555479683
848	21.2	-4.76579060661606	-0.144895882811397
849	21.225	-5.01340762781911	-0.144895882811397
850	21.25	-5.18622367386706	-0.143606210825965
851	21.275	-5.38870217557997	-0.143606210825965
852	21.3	-5.45189610286616	-0.142316538840532
853	21.325	-5.5924703492783	-0.142316538840532
854	21.35	-5.77560377120972	-0.1410268668551
855	21.375	-5.93423342541791	-0.1410268668551
856	21.4	-6.04256587219425	-0.139737194869667
857	21.425	-6.23343732603826	-0.139737194869667
858	21.45	-6.39980501215905	-0.138447522884235
859	21.475	-6.55843466636725	-0.137157850898802
860	21.5	-6.67321547307074	-0.137157850898802
861	21.525	-6.87440430279821	-0.13586817891337
862	21.55	-7.08204149245284	-0.134578506927937
863	21.575	-7.37479703314602	-0.134578506927937
864	21.6	-7.42251489660703	-0.134578506927937
865	21.625	-7.47539144800976	-0.133288834942505
866	21.65	-7.68947699759156	-0.131999162957072
867	21.675	-7.88421746739186	-0.131999162957072
868	21.7	-7.93451467482373	-0.13070949097164
869	21.725	-8.02995040174574	-0.13070949097164
870	21.75	-8.15633825631812	-0.13070949097164
871	21.775	-8.40266560553573	-0.129419818986207
872	21.8	-8.4052449495066	-0.128130147000775
873	21.825	-8.35494774207473	-0.128130147000775
874	21.85	-8.38074118178338	-0.128130147000775
875	21.875	-8.52647411613725	-0.126840475015342
876	21.9	-8.48907362855971	-0.12555080302991
877	21.925	-8.51873608422466	-0.12555080302991
878	21.95	-8.60643377923407	-0.12555080302991
879	21.975	-8.83470572065562	-0.124261131044477
880	22	-8.81665031285957	-0.124261131044477
881	22.025	-8.84373342455365	-0.122971459059045
882	22.05	-8.80375359300524	-0.122971459059045
883	22.075	-9.03589455038309	-0.122971459059045
884	22.1	-9.02686684648506	-0.121681787073612
885	22.125	-9.01139078265987	-0.121681787073612
886	22.15	-9.06168799009174	-0.121681787073612
887	22.175	-9.20355190848932	-0.12039211508818
888	22.2	-9.20226223650388	-0.119102443102747
889	22.225	-9.14164765318856	-0.12039211508818
890	22.25	-9.16486174892634	-0.119102443102747
891	22.275	-9.31962238717824	-0.117812771117315
892	22.3	-9.31833271519281	-0.117812771117315
893	22.325	-9.27706321165897	-0.117812771117315
894	22.35	-9.32865009107627	-0.116523099131882
895	22.375	-9.45761728961952	-0.11523342714645
896	22.4	-9.42021680204198	-0.11523342714645
897	22.425	-9.56208072043955	-0.11523342714645
898	22.45	-9.52081121690571	-0.113943755161017
899	22.475	-9.70652398280799	-0.113943755161017
900	22.5	-9.72844840656035	-0.112654083175585
901	22.525	-9.73618643847294	-0.112654083175585
902	22.55	-9.88836773275398	-0.111364411190152
903	22.575	-10.135984753957	-0.111364411190152
904	22.6	-10.2572139205877	-0.111364411190152
905	22.625	-10.4712994701695	-0.11007473920472
906	22.65	-10.5783422449604	-0.108785067219287
907	22.675	-10.5783422449604	-0.108785067219287
908	22.7	-10.5783422449604	-0.108785067219287
909	22.725	-10.5783422449604	-0.107495395233855
910	22.75	-10.5783422449604	-0.106205723248422
911	22.775	-10.5783422449604	-0.107495395233855
912	22.8	-10.5783422449604	-0.106205723248422
913	22.825	-10.5783422449604	-0.10491605126299
914	22.85	-10.5783422449604	-0.10491605126299
915	22.875	-10.5783422449604	-0.103626379277557
916	22.9	-10.5783422449604	-0.103626379277557
917	22.925	-10.5783422449604	-0.102336707292125
918	22.95	-10.5783422449604	-0.102336707292125
919	22.975	-10.5783422449604	-0.101047035306692
920	23	-10.5783422449604	-0.101047035306692
921	23.025	-10.5783422449604	-0.0997573633212596
922	23.05	-10.5783422449604	-0.0997573633212596
923	23.075	-10.5783422449604	-0.0984676913358271
924	23.1	-10.5783422449604	-0.0984676913358271
925	23.125	-10.5783422449604	-0.0971780193503946
926	23.15	-10.5783422449604	-0.0958883473649621
927	23.175	-10.5783422449604	-0.0958883473649621
928	23.2	-10.5783422449604	-0.0945986753795296
929	23.225	-10.5783422449604	-0.0933090033940971
930	23.25	-10.5783422449604	-0.0945986753795296
931	23.275	-10.5783422449604	-0.0920193314086646
932	23.3	-10.5783422449604	-0.0920193314086646
933	23.325	-10.5783422449604	-0.0920193314086646
934	23.35	-10.5783422449604	-0.0920193314086646
935	23.375	-10.5783422449604	-0.0907296594232321
936	23.4	-10.5783422449604	-0.0894399874377996
937	23.425	-10.5783422449604	-0.0894399874377996
938	23.45	-10.5783422449604	-0.0894399874377996
939	23.475	-10.5783422449604	-0.0881503154523671
940	23.5	-10.5783422449604	-0.0881503154523671
941	23.525	-10.5783422449604	-0.0868606434669346
942	23.55	-10.5783422449604	-0.0868606434669346
943	23.575	-10.5783422449604	-0.0855709714815021
944	23.6	-10.5783422449604	-0.0855709714815021
945	23.625	-10.5783422449604	-0.0842812994960696
946	23.65	-10.5783422449604	-0.0842812994960696
947	23.675	-10.5783422449604	-0.082991627510637
948	23.7	-10.5783422449604	-0.0817019555252045
949	23.725	-10.5783422449604	-0.0817019555252045
950	23.75	-10.5783422449604	-0.0817019555252045
951	23.775	-10.5783422449604	-0.080412283539772
952	23.8	-10.5783422449604	-0.0791226115543395
953	23.825	-10.5783422449604	-0.0791226115543395
954	23.85	-10.5783422449604	-0.077832939568907
955	23.875	-10.5783422449604	-0.0765432675834745
956	23.9	-10.5783422449604	-0.0765432675834745
957	23.925	-10.5783422449604	-0.075253595598042
958	23.95	-10.5783422449604	-0.075253595598042
959	23.975	-10.5783422449604	-0.075253595598042
960	24	-10.5783422449604	-0.0739639236126095
961	24.025	-10.5783422449604	-0.072674251627177
962	24.05	-10.5783422449604	-0.072674251627177
963	24.075	-10.5783422449604	-0.072674251627177
964	24.1	-10.5783422449604	-0.0713845796417445
965	24.125	-10.5783422449604	-0.070094907656312
966	24.15	-10.5783422449604	-0.070094907656312
967	24.175	-10.5783422449604	-0.070094907656312
968	24.2	-10.5783422449604	-0.0688052356708795
969	24.225	-10.5783422449604	-0.0688052356708795
970	24.25	-10.5783422449604	-0.067515563685447
971	24.275	-10.5783422449604	-0.0662258917000145
972	24.3	-10.5783422449604	-0.0662258917000145
973	24.325	-10.5783422449604	-0.0662258917000145
974	24.35	-10.5783422449604	-0.064936219714582
975	24.375	-10.5783422449604	-0.064936219714582
976	24.4	-10.5783422449604	-0.0636465477291495
977	24.425	-10.5783422449604	-0.062356875743717
978	24.45	-10.5783422449604	-0.062356875743717
979	24.475	-10.5783422449604	-0.062356875743717
980	24.5	-10.5783422449604	-0.0610672037582844
981	24.525	-10.5783422449604	-0.0610672037582844
982	24.55	-10.5783422449604	-0.0597775317728519
983	24.575	-10.5783422449604	-0.0597775317728519
984	24.6	-10.5783422449604	-0.0584878597874194
985	24.625	-10.5783422449604	-0.0584878597874194
986	24.65	-10.5783422449604	-0.0571981878019869
987	24.675	-10.5783422449604	-0.0571981878019869
988	24.7	-10.5783422449604	-0.0559085158165544
989	24.725	-10.5783422449604	-0.0559085158165544
990	24.75	-10.5783422449604	-0.0546188438311219
991	24.775	-10.5783422449604	-0.0546188438311219
992	24.8	-10.5783422449604	-0.0546188438311219
993	24.825	-10.5783422449604	-0.0533291718456894
994	24.85	-10.5783422449604	-0.0533291718456894
995	24.875	-10.5783422449604	-0.0520394998602569
996	24.9	-10.5783422449604	-0.0520394998602569
997	24.925	-10.5783422449604	-0.0507498278748244
998	24.95	-10.5783422449604	-0.0507498278748244
999	24.975	-10.5783422449604	-0.0494601558893919
1000	25	-10.5783422449604	-0.0481704839039594
1001	25.025	-10.5783422449604	-0.0481704839039594
1002	25.05	-10.5783422449604	-0.0481704839039594
1003	25.075	-10.5783422449604	-0.0468808119185269
1004	25.1	-10.5783422449604	-0.0455911399330944
1005	25.125	-10.5783422449604	-0.0443014679476619
1006	25.15	-10.5783422449604	-0.0455911399330944
1007	25.175	-10.5783422449604	-0.0443014679476619
1008	25.2	-10.5783422449604	-0.0430117959622294
1009	25.225	-10.5783422449604	-0.0430117959622294
1010	25.25	-10.5783422449604	-0.0417221239767969
1011	25.275	-10.5783422449604	-0.0417221239767969
1012	25.3	-10.5783422449604	-0.0404324519913644
1013	25.325	-10.5783422449604	-0.0404324519913644
1014	25.35	-10.5783422449604	-0.0391427800059319
1015	25.375	-10.5783422449604	-0.0378531080204993
1016	25.4	-10.5783422449604	-0.0378531080204993
1017	25.425	-10.5783422449604	-0.0365634360350668
1018	25.45	-10.5783422449604	-0.0352737640496343
1019	25.475	-10.5783422449604	-0.0352737640496343
1020	25.5	-10.5783422449604	-0.0339840920642018
1021	25.525	-10.5783422449604	-0.0339840920642018
1022	25.55	-10.5783422449604	-0.0326944200787693
1023	25.575	-10.5783422449604	-0.0326944200787693
1024	25.6	-10.5783422449604	-0.0314047480933368
1025	25.625	-10.5783422449604	-0.0314047480933368
1026	25.65	-10.5783422449604	-0.0301150761079043
1027	25.675	-10.5783422449604	-0.0288254041224718
1028	25.7	-10.5783422449604	-0.0288254041224718
1029	25.725	-10.5783422449604	-0.0275357321370393
1030	25.75	-10.5783422449604	-0.0275357321370393
1031	25.775	-10.5783422449604	-0.0262460601516068
1032	25.8	-10.5783422449604	-0.0262460601516068
1033	25.825	-10.5783422449604	-0.0262460601516068
1034	25.85	-10.5783422449604	-0.0249563881661743
1035	25.875	-10.5783422449604	-0.0236667161807418
1036	25.9	-10.5783422449604	-0.0223770441953093
1037	25.925	-10.5783422449604	-0.0210873722098768
1038	25.95	-10.5783422449604	-0.0210873722098768
1039	25.975	-10.5783422449604	-0.0197977002244443
1040	26	-10.5783422449604	-0.0197977002244443
1041	26.025	-10.5783422449604	-0.0185080282390118
1042	26.05	-10.5783422449604	-0.0185080282390118
1043	26.075	-10.5783422449604	-0.0172183562535793
1044	26.1	-10.5783422449604	-0.0159286842681468
1045	26.125	-10.5783422449604	-0.0146390122827142
1046	26.15	-10.5783422449604	-0.0146390122827142
1047	26.175	-10.5783422449604	-0.0133493402972817
1048	26.2	-10.5783422449604	-0.0133493402972817
1049	26.225	-10.5783422449604	-0.0120596683118492
1050	26.25	-10.5783422449604	-0.0107699963264167
1051	26.275	-10.5783422449604	-0.0107699963264167
1052	26.3	-10.470009798184	-0.00948032434098423
1053	26.325	-10.1114809862338	-0.00819065235555172
1054	26.35	-9.72200004663318	-0.00819065235555172
1055	26.375	-9.6510680874344	-0.00819065235555172
1056	26.4	-9.43053417792544	-0.00690098037011921
1057	26.425	-9.19581387657672	-0.00561130838468671
1058	26.45	-8.91466538375244	-0.00561130838468671
1059	26.475	-8.72766294586472	-0.0043216363992542
1060	26.5	-8.4968116604723	-0.0043216363992542
1061	26.525	-8.26853971905075	-0.0030319644138217
1062	26.55	-7.9370940187946	-0.00174229242838919
1063	26.575	-7.78362305252813	-0.00174229242838919
1064	26.6	-7.65336618199944	-0.000452620442956686
1065	26.625	-7.56308914301917	-0.000452620442956686
1066	26.65	-7.34771392145194	0.00083705154247582
1067	26.675	-7.11815230804496	0.00212672352790833
1068	26.7	-6.93114987015724	0.00212672352790833
1069	26.725	-6.7828375918325	0.00341639551334083
1070	26.75	-6.58938679401763	0.00341639551334083
1071	26.775	-6.48879237915389	0.00470606749877334
1072	26.8	-6.44881254760548	0.00599573948420584
1073	26.825	-6.28244486148469	0.00599573948420584
1074	26.85	-6.07867668778636	0.00728541146963835
1075	26.875	-5.98968932079151	0.00728541146963835
1076	26.9	-5.94197145733051	0.00857508345507085
1077	26.925	-5.85943245026283	0.00986475544050336
1078	26.95	-5.78334180312231	0.00986475544050336
1079	26.975	-5.65695394854993	0.0111544274259359
1080	27	-5.48026888654567	0.0124440994113684
1081	27.025	-5.38741250359453	0.0124440994113684
1082	27.05	-5.28423874475993	0.0137337713968009
1083	27.075	-5.13076777849346	0.0150234433822334
1084	27.1	-4.93731698067859	0.0163131153676659
1085	27.125	-4.75676290271804	0.0163131153676659
1086	27.15	-4.59039521659724	0.0163131153676659
1087	27.175	-4.41242048260756	0.0176027873530984
1088	27.2	-4.23573542060331	0.0176027873530984
1089	27.225	-4.1325616617687	0.0188924593385309
1090	27.25	-4.05389167065732	0.0201821313239634
1091	27.275	-3.93137283204123	0.0201821313239634
1092	27.3	-3.76500514592044	0.0214718033093959
1093	27.325	-3.61798253958113	0.0227614752948284
1094	27.35	-3.50320173287764	0.0240511472802609
1095	27.375	-3.37810355029069	0.0240511472802609
1096	27.4	-3.18852176843211	0.0253408192656934
1097	27.425	-3.07503063371405	0.0266304912511259
1098	27.45	-3.02731277025305	0.0266304912511259
1099	27.475	-3.00538834650069	0.0279201632365584
1100	27.5	-2.93058737134561	0.0279201632365584
1101	27.525	-2.82354459655471	0.0292098352219909
1102	27.55	-2.74487460544333	0.0304995072074234
1103	27.575	-2.70876378985122	0.0304995072074234
1104	27.6	-2.66491494234651	0.031789179192856
1105	27.625	-2.60301068704575	0.031789179192856
1106	27.65	-2.52692003990524	0.0330788511782885
1107	27.675	-2.50112660019659	0.034368523163721
1108	27.7	-2.46759512857534	0.0356581951491535
1109	27.725	-2.41987726511434	0.0356581951491535
1110	27.75	-2.36313169775531	0.036947867134586
1111	27.775	-2.3231518662069	0.036947867134586
1112	27.8	-2.30251711443998	0.036947867134586
1113	27.825	-2.25350957899354	0.0382375391200185
1114	27.85	-2.23545417119749	0.039527211105451
1115	27.875	-2.17483958788216	0.0408168830908835
1116	27.9	-2.13228041236289	0.039527211105451
1117	27.925	-2.08198320493102	0.0408168830908835
1118	27.95	-2.05490009323694	0.042106555076316
1119	27.975	-2.04716206132434	0.042106555076316
1120	28	-1.95688502234407	0.0433962270617485
1121	28.025	-1.92206387873739	0.0433962270617485
1122	28.05	-1.90787748689763	0.044685899047181
1123	28.075	-1.86660798336379	0.0459755710326135
1124	28.1	-1.84339388762601	0.0459755710326135
1125	28.125	-1.78535864828154	0.047265243018046
1126	28.15	-1.72990275290795	0.047265243018046
1127	28.175	-1.69766095327213	0.0485549150034785
1128	28.2	-1.65897079370916	0.0485549150034785
1129	28.225	-1.62543932208791	0.049844586988911
1130	28.25	-1.56095572281629	0.0511342589743435
1131	28.275	-1.52355523523875	0.0511342589743435
1132	28.3	-1.48228573170491	0.052423930959776
1133	28.325	-1.44359557214193	0.052423930959776
1134	28.35	-1.42682983633131	0.0537136029452085
1135	28.375	-1.39974672463723	0.0537136029452085
1136	28.4	-1.37008426897228	0.0550032749306411
1137	28.425	-1.33784246933647	0.0550032749306411
1138	28.45	-1.30689034168608	0.0562929469160736
1139	28.475	-1.26046215021051	0.0575826189015061
1140	28.5	-1.22564100660384	0.0575826189015061
1141	28.525	-1.20887527079321	0.0588722908869386
1142	28.55	-1.19855789490975	0.0588722908869386
1143	28.575	-1.17405412718654	0.0588722908869386
1144	28.6	-1.16115740733221	0.0601619628723711
1145	28.625	-1.11214987188578	0.0614516348578036
1146	28.65	-1.0773287282791	0.0614516348578036
1147	28.675	-1.03605922474526	0.0627413068432361
1148	28.7	-1.00768644106574	0.0640309788286686
1149	28.725	-0.976734313415363	0.0640309788286686
1150	28.75	-0.925147433998063	0.0640309788286686
1151	28.775	-0.898064322303981	0.0653206508141011
1152	28.8	-0.865822522668168	0.0666103227995336
1153	28.825	-0.84647744288668	0.0666103227995336
1154	28.85	-0.827132363105193	0.0678999947849661
1155	28.875	-0.8155253152363	0.0678999947849661
1156	28.9	-0.81036662729457	0.0704793387558311
1157	28.925	-0.806497611338273	0.0704793387558311
1158	28.95	-0.787152531556785	0.0704793387558311
1159	28.975	-0.788442203542218	0.0730586827266961
1160	29	-0.783283515600488	0.0730586827266961
1161	29.025	-0.77941449964419	0.0730586827266961
1162	29.05	-0.78457318758592	0.0743483547121286
1163	29.075	-0.780704171629623	0.0756380266975611
1164	29.1	-0.776835155673325	0.0756380266975611
1165	29.125	-0.771676467731595	0.0769276986829937
1166	29.15	-0.775545483687893	0.0769276986829937
1167	29.175	-0.788442203542218	0.0782173706684262
1168	29.2	-0.781993843615055	0.0782173706684262
1169	29.225	-0.783283515600488	0.0795070426538587
1170	29.25	-0.780704171629623	0.0795070426538587
1171	29.275	-0.78457318758592	0.0807967146392912
1172	29.3	-0.788442203542218	0.0807967146392912
1173	29.325	-0.788442203542218	0.0820863866247237
1174	29.35	-0.785862859571353	0.0820863866247237
1175	29.375	-0.78457318758592	0.0833760586101562
1176	29.4	-0.791021547513083	0.0833760586101562
1177	29.425	-0.788442203542218	0.0846657305955887
1178	29.45	-0.775545483687893	0.0846657305955887
1179	29.475	-0.778124827658758	0.0859554025810212
1180	29.5	-0.781993843615055	0.0872450745664537
1181	29.525	-0.778124827658758	0.0872450745664537
1182	29.55	-0.76909712376073	0.0885347465518862
1183	29.575	-0.763938435819	0.0885347465518862
1184	29.6	-0.765228107804433	0.0898244185373187
1185	29.625	-0.760069419862702	0.0898244185373187
1186	29.65	-0.742014012066647	0.0911140905227512
1187	29.675	-0.73814499611035	0.0924037625081837
1188	29.7	-0.73814499611035	0.0936934344936162
1189	29.725	-0.723958604270592	0.0936934344936162
1190	29.75	-0.70203418051824	0.0936934344936162
1191	29.775	-0.694296148605645	0.0949831064790487
1192	29.8	-0.680109756765887	0.0962727784644812
1193	29.825	-0.663344020955265	0.0962727784644812
1194	29.85	-0.658185333013535	0.0975624504499137
1195	29.875	-0.649157629115507	0.0975624504499137
1196	29.9	-0.636260909261182	0.0988521224353462
1197	29.925	-0.622074517421424	0.100141794420779
1198	29.95	-0.609177797567099	0.100141794420779
1199	29.975	-0.606598453596234	0.101431466406211
1200	30	-0.591122389771044	0.101431466406211
1201	30.025	-0.594991405727342	0.102721138391644
1202	30.05	-0.593701733741909	0.104010810377076
1203	30.075	-0.594991405727342	0.104010810377076
1204	30.1	-0.596281077712774	0.105300482362509
1205	30.125	-0.588543045800179	0.106590154347941
1206	30.15	-0.576935997931287	0.106590154347941
1207	30.175	-0.578225669916719	0.106590154347941
1208	30.2	-0.571777309989557	0.107879826333374
1209	30.225	-0.576935997931287	0.109169498318806
1210	30.25	-0.578225669916719	0.109169498318806
1211	30.275	-0.574356653960422	0.109169498318806
1212	30.3	-0.580805013887584	0.110459170304239
1213	30.325	-0.573066981974989	0.111748842289671
1214	30.35	-0.571777309989557	0.111748842289671
1215	30.375	-0.575646325945854	0.113038514275104
1216	30.4	-0.571777309989557	0.113038514275104
1217	30.425	-0.580805013887584	0.114328186260536
1218	30.45	-0.579515341902152	0.114328186260536
1219	30.475	-0.584674029843882	0.115617858245969
1220	30.5	-0.587253373814747	0.116907530231401
1221	30.525	-0.588543045800179	0.118197202216834
1222	30.55	-0.592412061756477	0.118197202216834
1223	30.575	-0.584674029843882	0.118197202216834
1224	30.6	-0.593701733741909	0.119486874202266
1225	30.625	-0.594991405727342	0.120776546187699
1226	30.65	-0.594991405727342	0.122066218173131
1227	30.675	-0.593701733741909	0.123355890158564
1228	30.7	-0.593701733741909	0.123355890158564
1229	30.725	-0.589832717785612	0.123355890158564
1230	30.75	-0.591122389771044	0.124645562143996
1231	30.775	-0.584674029843882	0.125935234129429
1232	30.8	-0.584674029843882	0.127224906114861
1233	30.825	-0.578225669916719	0.127224906114861
1234	30.85	-0.580805013887584	0.127224906114861
1235	30.875	-0.576935997931287	0.128514578100294
1236	30.9	-0.574356653960422	0.129804250085726
1237	30.925	-0.571777309989557	0.129804250085726
1238	30.95	-0.567908294033259	0.131093922071159
1239	30.975	-0.558880590135232	0.132383594056591
1240	31	-0.552432230208069	0.132383594056591
1241	31.025	-0.548563214251772	0.132383594056591
1242	31.05	-0.544694198295474	0.133673266042024
1243	31.075	-0.543404526310042	0.134962938027456
1244	31.1	-0.547273542266339	0.136252610012889
1245	31.125	-0.535666494397447	0.136252610012889
1246	31.15	-0.530507806455716	0.136252610012889
1247	31.175	-0.527928462484851	0.137542281998321
1248	31.2	-0.525349118513986	0.138831953983754
1249	31.225	-0.531797478441149	0.138831953983754
1250	31.25	-0.520190430572256	0.140121625969186
1251	31.275	-0.517611086601391	0.140121625969186
1252	31.3	-0.508583382703364	0.141411297954619
1253	31.325	-0.507293710717931	0.141411297954619
1254	31.35	-0.499555678805336	0.142700969940051
1255	31.375	-0.498266006819904	0.142700969940051
1256	31.4	-0.500845350790769	0.143990641925484
1257	31.425	-0.491817646892741	0.143990641925484
1258	31.45	-0.489238302921876	0.145280313910916
1259	31.475	-0.487948630936444	0.146569985896349
1260	31.5	-0.494396990863606	0.146569985896349
1261	31.525	-0.489238302921876	0.147859657881781
1262	31.55	-0.482789942994714	0.147859657881781
1263	31.575	-0.485369286965579	0.147859657881781
1264	31.6	-0.490527974907309	0.149149329867214
1265	31.625	-0.485369286965579	0.150439001852646
1266	31.65	-0.485369286965579	0.151728673838079
1267	31.675	-0.477631255052984	0.151728673838079
1268	31.7	-0.490527974907309	0.151728673838079
1269	31.725	-0.485369286965579	0.153018345823511
1270	31.75	-0.478920927038416	0.154308017808944
1271	31.775	-0.484079614980146	0.154308017808944
1272	31.8	-0.480210599023849	0.155597689794376
1273	31.825	-0.484079614980146	0.156887361779809
1274	31.85	-0.473762239096686	0.156887361779809
1275	31.875	-0.471182895125821	0.158177033765242
1276	31.9	-0.471182895125821	0.159466705750674
1277	31.925	-0.464734535198659	0.159466705750674
1278	31.95	-0.460865519242361	0.159466705750674
1279	31.975	-0.459575847256929	0.160756377736107
1280	32	-0.453127487329766	0.162046049721539
1281	32.025	-0.449258471373469	0.163335721706972
1282	32.05	-0.438941095490009	0.163335721706972
1283	32.075	-0.444099783431739	0.164625393692404
1284	32.1	-0.437651423504576	0.164625393692404
1285	32.125	-0.423465031664819	0.165915065677837
1286	32.15	-0.415726999752223	0.165915065677837
1287	32.175	-0.411857983795926	0.167204737663269
1288	32.2	-0.397671591956168	0.168494409648702
1289	32.225	-0.384774872101843	0.169784081634134
1290	32.25	-0.378326512174681	0.169784081634134
1291	32.275	-0.374457496218383	0.171073753619567
1292	32.3	-0.369298808276653	0.171073753619567
1293	32.325	-0.360271104378626	0.172363425604999
1294	32.35	-0.361560776364058	0.172363425604999
1295	32.375	-0.353822744451463	0.173653097590432
1296	32.4	-0.349953728495166	0.174942769575864
1297	32.425	-0.348664056509733	0.174942769575864
1298	32.45	-0.339636352611706	0.176232441561297
1299	32.475	-0.340926024597138	0.177522113546729
1300	32.5	-0.339636352611706	0.177522113546729
1301	32.525	-0.338346680626273	0.178811785532162
1302	32.55	-0.333187992684543	0.178811785532162
1303	32.575	-0.329318976728246	0.180101457517594
1304	32.6	-0.326739632757381	0.180101457517594
1305	32.625	-0.325449960771948	0.181391129503027
1306	32.65	-0.322870616801083	0.182680801488459
1307	32.675	-0.319001600844786	0.182680801488459
1308	32.7	-0.316422256873921	0.182680801488459
1309	32.725	-0.311263568932191	0.182680801488459
1310	32.75	-0.307394552975893	0.185260145459324
1311	32.775	-0.303525537019596	0.183970473473892
1312	32.8	-0.307394552975893	0.185260145459324
1313	32.825	-0.306104880990461	0.186549817444757
1314	32.85	-0.304815209005028	0.186549817444757
1315	32.875	-0.30094619304873	0.187839489430189
1316	32.9	-0.303525537019596	0.187839489430189
1317	32.925	-0.304815209005028	0.189129161415622
1318	32.95	-0.302235865034163	0.190418833401054
1319	32.975	-0.299656521063298	0.190418833401054
1320	33	-0.303525537019596	0.190418833401054
1321	33.025	-0.302235865034163	0.191708505386487
1322	33.05	-0.303525537019596	0.191708505386487
1323	33.075	-0.298366849077865	0.192998177371919
1324	33.1	-0.297077177092433	0.194287849357352
1325	33.125	-0.295787505107	0.194287849357352
1326	33.15	-0.302235865034163	0.194287849357352
1327	33.175	-0.294497833121568	0.195577521342784
1328	33.2	-0.294497833121568	0.196867193328217
1329	33.225	-0.297077177092433	0.196867193328217
1330	33.25	-0.294497833121568	0.198156865313649
1331	33.275	-0.288049473194405	0.198156865313649
1332	33.3	-0.28547012922354	0.199446537299082
1333	33.325	-0.282890785252675	0.199446537299082
1334	33.35	-0.277732097310945	0.200736209284514
1335	33.375	-0.271283737383783	0.202025881269947
1336	33.4	-0.268704393412918	0.203315553255379
1337	33.425	-0.266125049442053	0.204605225240812
1338	33.45	-0.255807673558593	0.204605225240812
1339	33.475	-0.253228329587728	0.205894897226244
1340	33.5	-0.25451800157316	0.205894897226244
1341	33.525	-0.246779969660565	0.207184569211677
1342	33.55	-0.246779969660565	0.208474241197109
1343	33.575	-0.236462593777105	0.208474241197109
1344	33.6	-0.232593577820808	0.209763913182542
1345	33.625	-0.23388324980624	0.211053585167974
1346	33.65	-0.231303905835375	0.211053585167974
1347	33.675	-0.226145217893645	0.213632929138839
1348	33.7	-0.22872456186451	0.213632929138839
1349	33.725	-0.230014233849943	0.214922601124272
1350	33.75	-0.236462593777105	0.214922601124272
1351	33.775	-0.230014233849943	0.216212273109704
1352	33.8	-0.22872456186451	0.217501945095137
1353	33.825	-0.231303905835375	0.217501945095137
1354	33.85	-0.235172921791673	0.218791617080569
1355	33.875	-0.232593577820808	0.220081289066002
1356	33.9	-0.236462593777105	0.220081289066002
1357	33.925	-0.241621281718835	0.221370961051434
1358	33.95	-0.240331609733403	0.222660633036867
1359	33.975	-0.242910953704268	0.222660633036867
1360	34	-0.2442006256897	0.223950305022299
1361	34.025	-0.250648985616863	0.225239977007732
1362	34.05	-0.248069641645998	0.226529648993164
1363	34.075	-0.255807673558593	0.226529648993164
1364	34.1	-0.25967668951489	0.227819320978597
1365	34.125	-0.262256033485755	0.229108992964029
1366	34.15	-0.260966361500323	0.229108992964029
1367	34.175	-0.266125049442053	0.230398664949462
1368	34.2	-0.271283737383783	0.230398664949462
1369	34.225	-0.273863081354648	0.231688336934894
1370	34.25	-0.276442425325513	0.232978008920327
1371	34.275	-0.277732097310945	0.232978008920327
1372	34.3	-0.284180457238108	0.234267680905759
1373	34.325	-0.282890785252675	0.235557352891192
1374	34.35	-0.28547012922354	0.235557352891192
1375	34.375	-0.29062881716527	0.236847024876624
1376	34.4	-0.289339145179838	0.238136696862057
1377	34.425	-0.293208161136135	0.239426368847489
1378	34.45	-0.295787505107	0.239426368847489
1379	34.475	-0.297077177092433	0.240716040832922
1380	34.5	-0.295787505107	0.240716040832922
1381	34.525	-0.293208161136135	0.242005712818354
1382	34.55	-0.293208161136135	0.243295384803787
1383	34.575	-0.295787505107	0.244585056789219
1384	34.6	-0.295787505107	0.244585056789219
1385	34.625	-0.289339145179838	0.245874728774652
1386	34.65	-0.291918489150703	0.247164400760084
1387	34.675	-0.29062881716527	0.247164400760084
1388	34.7	-0.291918489150703	0.248454072745517
1389	34.725	-0.288049473194405	0.249743744730949
1390	34.75	-0.289339145179838	0.249743744730949
1391	34.775	-0.282890785252675	0.251033416716382
1392	34.8	-0.29062881716527	0.252323088701814
1393	34.825	-0.281601113267243	0.252323088701814
1394	34.85	-0.281601113267243	0.252323088701814
1395	34.875	-0.277732097310945	0.253612760687247
1396	34.9	-0.281601113267243	0.254902432672679
1397	34.925	-0.279021769296378	0.256192104658112
1398	34.95	-0.272573409369215	0.256192104658112
1399	34.975	-0.26483537745662	0.257481776643544
1400	35	-0.271283737383783	0.258771448628977
1401	35.025	-0.26483537745662	0.258771448628977
1402	35.05	-0.260966361500323	0.258771448628977
1403	35.075	-0.255807673558593	0.260061120614409
1404	35.1	-0.258387017529458	0.260061120614409
1405	35.125	-0.253228329587728	0.261350792599842
1406	35.15	-0.248069641645998	0.262640464585274
1407	35.175	-0.23904193774797	0.262640464585274
1408	35.2	-0.245490297675133	0.262640464585274
1409	35.225	-0.240331609733403	0.265219808556139
1410	35.25	-0.237752265762538	0.265219808556139
1411	35.275	-0.22872456186451	0.265219808556139
1412	35.3	-0.224855545908213	0.266509480541572
1413	35.325	-0.222276201937348	0.267799152527004
1414	35.35	-0.220986529951915	0.267799152527004
1415	35.375	-0.215827842010185	0.269088824512437
1416	35.4	-0.21324849803932	0.269088824512437
1417	35.425	-0.214538170024753	0.270378496497869
1418	35.45	-0.209379482083023	0.271668168483302
1419	35.475	-0.205510466126725	0.271668168483302
1420	35.5	-0.206800138112158	0.272957840468735
1421	35.525	-0.196482762228698	0.272957840468735
1422	35.55	-0.201641450170428	0.274247512454167
1423	35.575	-0.200351778184995	0.274247512454167
1424	35.6	-0.200351778184995	0.2755371844396
1425	35.625	-0.190034402301535	0.2755371844396
1426	35.65	-0.1926137462724	0.276826856425032
1427	35.675	-0.190034402301535	0.278116528410465
1428	35.7	-0.188744730316103	0.278116528410465
1429	35.725	-0.18229637038894	0.279406200395897
1430	35.75	-0.184875714359805	0.279406200395897
1431	35.775	-0.179717026418075	0.28069587238133
1432	35.8	-0.181006698403507	0.281985544366762
1433	35.825	-0.178427354432642	0.281985544366762
1434	35.85	-0.17197899450548	0.281985544366762
1435	35.875	-0.170689322520047	0.283275216352195
1436	35.9	-0.169399650534615	0.284564888337627
1437	35.925	-0.169399650534615	0.284564888337627
1438	35.95	-0.170689322520047	0.28585456032306
1439	35.975	-0.164240962592885	0.28585456032306
1440	36	-0.162951290607452	0.28585456032306
1441	36.025	-0.16682030656375	0.288433904293925
1442	36.05	-0.16166161862202	0.288433904293925
1443	36.075	-0.15650293068029	0.288433904293925
1444	36.1	-0.16166161862202	0.289723576279357
1445	36.125	-0.168109978549182	0.29101324826479
1446	36.15	-0.164240962592885	0.29101324826479
1447	36.175	-0.15650293068029	0.292302920250222
1448	36.2	-0.159082274651155	0.292302920250222
1449	36.225	-0.16166161862202	0.293592592235655
1450	36.25	-0.16166161862202	0.293592592235655
1451	36.275	-0.160371946636587	0.294882264221087
1452	36.3	-0.155213258694857	0.29617193620652
1453	36.325	-0.157792602665722	0.29617193620652
1454	36.35	-0.159082274651155	0.297461608191952
1455	36.375	-0.155213258694857	0.297461608191952
1456	36.4	-0.157792602665722	0.298751280177385
1457	36.425	-0.160371946636587	0.298751280177385
1458	36.45	-0.157792602665722	0.300040952162817
1459	36.475	-0.157792602665722	0.30133062414825
1460	36.5	-0.157792602665722	0.30133062414825
1461	36.525	-0.15650293068029	0.30133062414825
1462	36.55	-0.157792602665722	0.302620296133682
1463	36.575	-0.153923586709425	0.303909968119115
1464	36.6	-0.155213258694857	0.303909968119115
1465	36.625	-0.155213258694857	0.305199640104547
1466	36.65	-0.15134424273856	0.30648931208998
1467	36.675	-0.152633914723992	0.30648931208998
1468	36.7	-0.152633914723992	0.307778984075412
1469	36.725	-0.152633914723992	0.307778984075412
1470	36.75	-0.150054570753127	0.309068656060845
1471	36.775	-0.143606210825965	0.309068656060845
1472	36.8	-0.147475226782262	0.310358328046277
1473	36.825	-0.142316538840532	0.310358328046277
1474	36.85	-0.144895882811397	0.31164800003171
1475	36.875	-0.142316538840532	0.31164800003171
1476	36.9	-0.139737194869667	0.312937672017142
1477	36.925	-0.133288834942505	0.312937672017142
1478	36.95	-0.133288834942505	0.314227344002575
1479	36.975	-0.13070949097164	0.315517015988007
1480	37	-0.131999162957072	0.315517015988007
1481	37.025	-0.12555080302991	0.31680668797344
1482	37.05	-0.126840475015342	0.31680668797344
1483	37.075	-0.121681787073612	0.318096359958872
1484	37.1	-0.122971459059045	0.319386031944305
1485	37.125	-0.121681787073612	0.319386031944305
1486	37.15	-0.121681787073612	0.320675703929737
1487	37.175	-0.11523342714645	0.32196537591517
1488	37.2	-0.119102443102747	0.32196537591517
1489	37.225	-0.116523099131882	0.32196537591517
1490	37.25	-0.112654083175585	0.323255047900602
1491	37.275	-0.113943755161017	0.323255047900602
1492	37.3	-0.11523342714645	0.324544719886035
1493	37.325	-0.111364411190152	0.324544719886035
1494	37.35	-0.108785067219287	0.325834391871467
1495	37.375	-0.108785067219287	0.325834391871467
1496	37.4	-0.108785067219287	0.325834391871467
1497	37.425	-0.106205723248422	0.3271240638569
1498	37.45	-0.106205723248422	0.328413735842332
1499	37.475	-0.10491605126299	0.328413735842332
1500	37.5	-0.0997573633212596	0.328413735842332
1501	37.525	-0.102336707292125	0.328413735842332
1502	37.55	-0.0997573633212596	0.329703407827765
1503	37.575	-0.0997573633212596	0.329703407827765
1504	37.6	-0.0971780193503946	0.330993079813197
1505	37.625	-0.0958883473649621	0.330993079813197
1506	37.65	-0.0958883473649621	0.33228275179863
1507	37.675	-0.0958883473649621	0.33228275179863
1508	37.7	-0.0984676913358271	0.333572423784062
1509	37.725	-0.0933090033940971	0.333572423784062
1510	37.75	-0.0933090033940971	0.334862095769495
1511	37.775	-0.0933090033940971	0.336151767754927
1512	37.8	-0.0958883473649621	0.336151767754927
1513	37.825	-0.0920193314086646	0.336151767754927
1514	37.85	-0.0920193314086646	0.33744143974036
1515	37.875	-0.0907296594232321	0.33744143974036
1516	37.9	-0.0933090033940971	0.338731111725792
1517	37.925	-0.0933090033940971	0.340020783711225
1518	37.95	-0.0920193314086646	0.340020783711225
1519	37.975	-0.0920193314086646	0.341310455696657
1520	38	-0.0920193314086646	0.341310455696657
1521	38.025	-0.0933090033940971	0.34260012768209
1522	38.05	-0.0945986753795296	0.34260012768209
1523	38.075	-0.0933090033940971	0.343889799667522
1524	38.1	-0.0933090033940971	0.345179471652955
1525	38.125	-0.0933090033940971	0.345179471652955
1526	38.15	-0.0945986753795296	0.346469143638387
1527	38.175	-0.0958883473649621	0.34775881562382
1528	38.2	-0.0933090033940971	0.34775881562382
1529	38.225	-0.0945986753795296	0.349048487609252
1530	38.25	-0.0945986753795296	0.349048487609252
1531	38.275	-0.0945986753795296	0.350338159594685
1532	38.3	-0.0945986753795296	0.351627831580117
1533	38.325	-0.0984676913358271	0.35291750356555
1534	38.35	-0.0958883473649621	0.35291750356555
1535	38.375	-0.0958883473649621	0.35291750356555
1536	38.4	-0.0958883473649621	0.354207175550982
1537	38.425	-0.0933090033940971	0.355496847536415
1538	38.45	-0.0945986753795296	0.356786519521847
1539	38.475	-0.0997573633212596	0.356786519521847
1540	38.5	-0.0971780193503946	0.35807619150728
1541	38.525	-0.0945986753795296	0.35807619150728
1542	38.55	-0.0971780193503946	0.359365863492712
1543	38.575	-0.0984676913358271	0.359365863492712
1544	38.6	-0.0971780193503946	0.360655535478145
1545	38.625	-0.0958883473649621	0.361945207463577
1546	38.65	-0.0997573633212596	0.36323487944901
1547	38.675	-0.0971780193503946	0.364524551434442
1548	38.7	-0.101047035306692	0.364524551434442
1549	38.725	-0.0971780193503946	0.364524551434442
1550	38.75	-0.0958883473649621	0.365814223419875
1551	38.775	-0.0984676913358271	0.367103895405307
1552	38.8	-0.101047035306692	0.367103895405307
1553	38.825	-0.0997573633212596	0.36839356739074
1554	38.85	-0.101047035306692	0.369683239376172
1555	38.875	-0.101047035306692	0.369683239376172
1556	38.9	-0.103626379277557	0.370972911361605
1557	38.925	-0.102336707292125	0.372262583347037
1558	38.95	-0.0984676913358271	0.372262583347037
1559	38.975	-0.101047035306692	0.37355225533247
1560	39	-0.102336707292125	0.374841927317902
1561	39.025	-0.103626379277557	0.374841927317902
1562	39.05	-0.102336707292125	0.376131599303335
1563	39.075	-0.0997573633212596	0.376131599303335
1564	39.1	-0.103626379277557	0.377421271288767
1565	39.125	-0.10491605126299	0.3787109432742
1566	39.15	-0.103626379277557	0.3787109432742
1567	39.175	-0.102336707292125	0.380000615259632
1568	39.2	-0.103626379277557	0.380000615259632
1569	39.225	-0.102336707292125	0.381290287245065
1570	39.25	-0.102336707292125	0.382579959230497
1571	39.275	-0.103626379277557	0.382579959230497
1572	39.3	-0.102336707292125	0.38386963121593
1573	39.325	-0.102336707292125	0.385159303201362
1574	39.35	-0.103626379277557	0.385159303201362
1575	39.375	-0.103626379277557	0.385159303201362
1576	39.4	-0.102336707292125	0.386448975186795
1577	39.425	-0.101047035306692	0.387738647172228
1578	39.45	-0.10491605126299	0.387738647172228
1579	39.475	-0.103626379277557	0.38902831915766
1580	39.5	-0.107495395233855	0.38902831915766
1581	39.525	-0.103626379277557	0.390317991143093
1582	39.55	-0.106205723248422	0.390317991143093
1583	39.575	-0.108785067219287	0.391607663128525
1584	39.6	-0.107495395233855	0.391607663128525
1585	39.625	-0.103626379277557	0.392897335113958
1586	39.65	-0.10491605126299	0.39418700709939
1587	39.675	-0.10491605126299	0.39418700709939
1588	39.7	-0.106205723248422	0.395476679084823
1589	39.725	-0.103626379277557	0.395476679084823
1590	39.75	-0.103626379277557	0.396766351070255
1591	39.775	-0.101047035306692	0.396766351070255
1592	39.8	-0.103626379277557	0.398056023055688
1593	39.825	-0.0984676913358271	0.39934569504112
1594	39.85	-0.0984676913358271	0.39934569504112
1595	39.875	-0.0971780193503946	0.39934569504112
1596	39.9	-0.0958883473649621	0.400635367026553
1597	39.925	-0.0958883473649621	0.400635367026553
1598	39.95	-0.0945986753795296	0.400635367026553
1599	39.975	-0.0920193314086646	0.401925039011985
1600	40	-0.0945986753795296	0.403214710997418
1601	40.025	-0.0920193314086646	0.403214710997418
1602	40.05	-0.0945986753795296	0.403214710997418
1603	40.075	-0.0894399874377996	0.40450438298285
1604	40.1	-0.0907296594232321	0.40450438298285
1605	40.125	-0.0894399874377996	0.405794054968283
1606	40.15	-0.0920193314086646	0.405794054968283
1607	40.175	-0.0894399874377996	0.405794054968283
1608	40.2	-0.0894399874377996	0.407083726953715
1609	40.225	-0.0881503154523671	0.407083726953715
1610	40.25	-0.0894399874377996	0.408373398939148
1611	40.275	-0.0855709714815021	0.408373398939148
1612	40.3	-0.0855709714815021	0.40966307092458
1613	40.325	-0.0855709714815021	0.40966307092458
1614	40.35	-0.082991627510637	0.40966307092458
1615	40.375	-0.0855709714815021	0.410952742910013
1616	40.4	-0.0855709714815021	0.410952742910013
1617	40.425	-0.082991627510637	0.412242414895445
1618	40.45	-0.0842812994960696	0.412242414895445
1619	40.475	-0.082991627510637	0.413532086880878
1620	40.5	-0.0842812994960696	0.413532086880878
1621	40.525	-0.080412283539772	0.41482175886631
1622	40.55	-0.080412283539772	0.416111430851743
1623	40.575	-0.0791226115543395	0.416111430851743
1624	40.6	-0.080412283539772	0.417401102837175
1625	40.625	-0.077832939568907	0.417401102837175
1626	40.65	-0.0791226115543395	0.418690774822608
1627	40.675	-0.077832939568907	0.41998044680804
1628	40.7	-0.077832939568907	0.41998044680804
1629	40.725	-0.0739639236126095	0.421270118793473
1630	40.75	-0.075253595598042	0.421270118793473
1631	40.775	-0.0765432675834745	0.422559790778905
1632	40.8	-0.077832939568907	0.422559790778905
1633	40.825	-0.0765432675834745	0.423849462764338
1634	40.85	-0.075253595598042	0.423849462764338
1635	40.875	-0.075253595598042	0.42513913474977
1636	40.9	-0.072674251627177	0.426428806735203
1637	40.925	-0.0713845796417445	0.426428806735203
1638	40.95	-0.070094907656312	0.427718478720635
1639	40.975	-0.072674251627177	0.427718478720635
1640	41	-0.0739639236126095	0.427718478720635
1641	41.025	-0.072674251627177	0.429008150706068
1642	41.05	-0.072674251627177	0.4302978226915
1643	41.075	-0.0713845796417445	0.4302978226915
1644	41.1	-0.072674251627177	0.4302978226915
1645	41.125	-0.0713845796417445	0.431587494676933
1646	41.15	-0.0713845796417445	0.431587494676933
1647	41.175	-0.072674251627177	0.432877166662365
1648	41.2	-0.070094907656312	0.432877166662365
1649	41.225	-0.0713845796417445	0.434166838647798
1650	41.25	-0.070094907656312	0.434166838647798
1651	41.275	-0.070094907656312	0.434166838647798
1652	41.3	-0.070094907656312	0.43545651063323
1653	41.325	-0.0713845796417445	0.43545651063323
1654	41.35	-0.0688052356708795	0.436746182618663
1655	41.375	-0.0688052356708795	0.438035854604095
1656	41.4	-0.0713845796417445	0.436746182618663
1657	41.425	-0.0688052356708795	0.438035854604095
1658	41.45	-0.0713845796417445	0.438035854604095
1659	41.475	-0.0713845796417445	0.439325526589528
1660	41.5	-0.0713845796417445	0.439325526589528
1661	41.525	-0.070094907656312	0.44061519857496
1662	41.55	-0.0688052356708795	0.44061519857496
1663	41.575	-0.070094907656312	0.44061519857496
1664	41.6	-0.0688052356708795	0.44061519857496
1665	41.625	-0.0688052356708795	0.44061519857496
1666	41.65	-0.0662258917000145	0.441904870560393
1667	41.675	-0.070094907656312	0.441904870560393
1668	41.7	-0.0688052356708795	0.443194542545825
1669	41.725	-0.0688052356708795	0.443194542545825
1670	41.75	-0.070094907656312	0.443194542545825
1671	41.775	-0.0688052356708795	0.444484214531258
1672	41.8	-0.0688052356708795	0.444484214531258
1673	41.825	-0.067515563685447	0.44577388651669
1674	41.85	-0.0688052356708795	0.44577388651669
1675	41.875	-0.067515563685447	0.44577388651669
1676	41.9	-0.067515563685447	0.447063558502123
1677	41.925	-0.0662258917000145	0.447063558502123
1678	41.95	-0.0688052356708795	0.447063558502123
1679	41.975	-0.0662258917000145	0.447063558502123
1680	42	-0.0662258917000145	0.448353230487555
1681	42.025	-0.0662258917000145	0.448353230487555
1682	42.05	-0.064936219714582	0.449642902472988
1683	42.075	-0.0636465477291495	0.449642902472988
1684	42.1	-0.064936219714582	0.449642902472988
1685	42.125	-0.062356875743717	0.449642902472988
1686	42.15	-0.064936219714582	0.45093257445842
1687	42.175	-0.062356875743717	0.45093257445842
1688	42.2	-0.0636465477291495	0.45093257445842
1689	42.225	-0.062356875743717	0.45093257445842
1690	42.25	-0.0610672037582844	0.45093257445842
1691	42.275	-0.0597775317728519	0.45093257445842
1692	42.3	-0.0610672037582844	0.45093257445842
1693	42.325	-0.0610672037582844	0.45093257445842
1694	42.35	-0.0610672037582844	0.45093257445842
1695	42.375	-0.0610672037582844	0.45093257445842
1696	42.4	-0.0610672037582844	0.452222246443853
1697	42.425	-0.0610672037582844	0.452222246443853
1698	42.45	-0.0610672037582844	0.45093257445842
1699	42.475	-0.0610672037582844	0.452222246443853
1700	42.5	-0.062356875743717	0.452222246443853
1701	42.525	-0.0610672037582844	0.452222246443853
1702	42.55	-0.062356875743717	0.452222246443853
1703	42.575	-0.0597775317728519	0.452222246443853
1704	42.6	-0.0610672037582844	0.453511918429285
1705	42.625	-0.0597775317728519	0.452222246443853
1706	42.65	-0.0597775317728519	0.453511918429285
1707	42.675	-0.0610672037582844	0.452222246443853
1708	42.7	-0.0610672037582844	0.452222246443853
1709	42.725	-0.0597775317728519	0.453511918429285
1710	42.75	-0.0584878597874194	0.452222246443853
1711	42.775	-0.0597775317728519	0.452222246443853
1712	42.8	-0.0571981878019869	0.452222246443853
1713	42.825	-0.0584878597874194	0.453511918429285
1714	42.85	-0.0571981878019869	0.452222246443853
1715	42.875	-0.0597775317728519	0.453511918429285
1716	42.9	-0.0610672037582844	0.453511918429285
1717	42.925	-0.0597775317728519	0.452222246443853
1718	42.95	-0.0610672037582844	0.453511918429285
1719	42.975	-0.0610672037582844	0.452222246443853
1720	43	-0.0584878597874194	0.453511918429285
1721	43.025	-0.0584878597874194	0.453511918429285
1722	43.05	-0.0597775317728519	0.453511918429285
1723	43.075	-0.0610672037582844	0.453511918429285
1724	43.1	-0.0610672037582844	0.454801590414718
1725	43.125	-0.0597775317728519	0.453511918429285
1726	43.15	-0.0610672037582844	0.453511918429285
1727	43.175	-0.0584878597874194	0.453511918429285
1728	43.2	-0.0597775317728519	0.453511918429285
1729	43.225	-0.0610672037582844	0.453511918429285
1730	43.25	-0.0571981878019869	0.453511918429285
1731	43.275	-0.0559085158165544	0.454801590414718
1732	43.3	-0.062356875743717	0.453511918429285
1733	43.325	-0.0559085158165544	0.453511918429285
1734	43.35	-0.0597775317728519	0.453511918429285
1735	43.375	-0.0597775317728519	0.453511918429285
1736	43.4	-0.0597775317728519	0.453511918429285
1737	43.425	-0.0597775317728519	0.453511918429285
1738	43.45	-0.0584878597874194	0.453511918429285
1739	43.475	-0.0597775317728519	0.453511918429285
1740	43.5	-0.0610672037582844	0.453511918429285
1741	43.525	-0.0597775317728519	0.453511918429285
1742	43.55	-0.0610672037582844	0.453511918429285
1743	43.575	-0.0584878597874194	0.453511918429285
1744	43.6	-0.0610672037582844	0.453511918429285
1745	43.625	-0.0597775317728519	0.453511918429285
1746	43.65	-0.0610672037582844	0.453511918429285
1747	43.675	-0.0610672037582844	0.453511918429285
1748	43.7	-0.0610672037582844	0.453511918429285
1749	43.725	-0.0584878597874194	0.453511918429285
1750	43.75	-0.062356875743717	0.453511918429285
1751	43.775	-0.0597775317728519	0.453511918429285
1752	43.8	-0.0610672037582844	0.454801590414718
1753	43.825	-0.0610672037582844	0.453511918429285
1754	43.85	-0.0610672037582844	0.453511918429285
1755	43.875	-0.0584878597874194	0.453511918429285
1756	43.9	-0.0584878597874194	0.453511918429285
1757	43.925	-0.0610672037582844	0.453511918429285
1758	43.95	-0.0610672037582844	0.453511918429285
1759	43.975	-0.0597775317728519	0.453511918429285
1760	44	-0.0610672037582844	0.453511918429285
1761	44.025	-0.0610672037582844	0.453511918429285
1762	44.05	-0.0597775317728519	0.453511918429285
1763	44.075	-0.0610672037582844	0.453511918429285
1764	44.1	-0.0610672037582844	0.453511918429285
1765	44.125	-0.0597775317728519	0.453511918429285
1766	44.15	-0.0636465477291495	0.453511918429285
1767	44.175	-0.0610672037582844	0.453511918429285
1768	44.2	-0.0636465477291495	0.453511918429285
1769	44.225	-0.0636465477291495	0.453511918429285
1770	44.25	-0.0636465477291495	0.453511918429285
1771	44.275	-0.067515563685447	0.454801590414718
1772	44.3	-0.067515563685447	0.453511918429285
1773	44.325	-0.0662258917000145	0.453511918429285
1774	44.35	-0.067515563685447	0.453511918429285
