Number of measurement points: 1314
Sample Rate (Hz): 20
Low limit Ch0 (V): -10
Upper limit Ch0 (V): 10
Low limit Ch1 (V): -10
Upper limit Ch1 (V): 10

Index	Time[s]	Ch0[V]	Ch1[V]
0	0	-0.00174229242838919	0.38902831915766
1	0.05	-0.00174229242838919	0.38902831915766
2	0.1	-0.00174229242838919	0.38902831915766
3	0.15	-0.00174229242838919	0.38902831915766
4	0.2	-0.00174229242838919	0.38902831915766
5	0.25	-0.00174229242838919	0.38902831915766
6	0.3	-0.00174229242838919	0.38902831915766
7	0.35	-0.00174229242838919	0.38902831915766
8	0.4	-0.00174229242838919	0.38902831915766
9	0.45	-0.00174229242838919	0.38902831915766
10	0.5	-0.00174229242838919	0.38902831915766
11	0.55	-0.00174229242838919	0.38902831915766
12	0.6	-0.00174229242838919	0.38902831915766
13	0.65	-0.00174229242838919	0.38902831915766
14	0.7	-0.00174229242838919	0.38902831915766
15	0.75	-0.00174229242838919	0.390317991143093
16	0.8	-0.00174229242838919	0.38902831915766
17	0.85	-0.00174229242838919	0.38902831915766
18	0.9	-0.00174229242838919	0.38902831915766
19	0.95	-0.00174229242838919	0.38902831915766
20	1	-0.00174229242838919	0.38902831915766
21	1.05	-0.00174229242838919	0.38902831915766
22	1.1	-0.00174229242838919	0.38902831915766
23	1.15	-0.00174229242838919	0.38902831915766
24	1.2	-0.00174229242838919	0.38902831915766
25	1.25	-0.00174229242838919	0.38902831915766
26	1.3	-0.000452620442956686	0.38902831915766
27	1.35	-0.00174229242838919	0.38902831915766
28	1.4	-0.00174229242838919	0.38902831915766
29	1.45	-0.00174229242838919	0.38902831915766
30	1.5	-0.000452620442956686	0.390317991143093
31	1.55	-0.00174229242838919	0.38902831915766
32	1.6	-0.00174229242838919	0.38902831915766
33	1.65	-0.00174229242838919	0.38902831915766
34	1.7	-0.00174229242838919	0.38902831915766
35	1.75	-0.00174229242838919	0.38902831915766
36	1.8	-0.00174229242838919	0.38902831915766
37	1.85	-0.00174229242838919	0.38902831915766
38	1.9	-0.00174229242838919	0.38902831915766
39	1.95	-0.00174229242838919	0.38902831915766
40	2	-0.00174229242838919	0.387738647172228
41	2.05	-0.00174229242838919	0.38902831915766
42	2.1	-0.00174229242838919	0.38902831915766
43	2.15	-0.00174229242838919	0.38902831915766
44	2.2	-0.00174229242838919	0.38902831915766
45	2.25	-0.00174229242838919	0.38902831915766
46	2.3	-0.000452620442956686	0.38902831915766
47	2.35	-0.00174229242838919	0.38902831915766
48	2.4	-0.00174229242838919	0.38902831915766
49	2.45	-0.00174229242838919	0.387738647172228
50	2.5	-0.00174229242838919	0.38902831915766
51	2.55	-0.00174229242838919	0.387738647172228
52	2.6	-0.00174229242838919	0.38902831915766
53	2.65	-0.00174229242838919	0.387738647172228
54	2.7	-0.00174229242838919	0.387738647172228
55	2.75	-0.00174229242838919	0.386448975186795
56	2.8	-0.00174229242838919	0.386448975186795
57	2.85	-0.00174229242838919	0.386448975186795
58	2.9	-0.00174229242838919	0.385159303201362
59	2.95	-0.00174229242838919	0.385159303201362
60	3	-0.00174229242838919	0.385159303201362
61	3.05	-0.00174229242838919	0.38386963121593
62	3.1	-0.00174229242838919	0.38386963121593
63	3.15	-0.00174229242838919	0.382579959230497
64	3.2	-0.00174229242838919	0.381290287245065
65	3.25	-0.00174229242838919	0.381290287245065
66	3.3	-0.00174229242838919	0.380000615259632
67	3.35	-0.00174229242838919	0.3787109432742
68	3.4	-0.00174229242838919	0.3787109432742
69	3.45	-0.00174229242838919	0.377421271288767
70	3.5	-0.00174229242838919	0.374841927317902
71	3.55	-0.00174229242838919	0.374841927317902
72	3.6	-0.00174229242838919	0.37355225533247
73	3.65	-0.00174229242838919	0.372262583347037
74	3.7	-0.00174229242838919	0.370972911361605
75	3.75	-0.00174229242838919	0.370972911361605
76	3.8	-0.00174229242838919	0.369683239376172
77	3.85	-0.00174229242838919	0.369683239376172
78	3.9	-0.00174229242838919	0.369683239376172
79	3.95	-0.00174229242838919	0.36839356739074
80	4	-0.00174229242838919	0.36839356739074
81	4.05	-0.00174229242838919	0.367103895405307
82	4.1	-0.000452620442956686	0.367103895405307
83	4.15	-0.00174229242838919	0.365814223419875
84	4.2	-0.00174229242838919	0.365814223419875
85	4.25	-0.00174229242838919	0.364524551434442
86	4.3	-0.00174229242838919	0.36323487944901
87	4.35	-0.00174229242838919	0.36323487944901
88	4.4	-0.00174229242838919	0.361945207463577
89	4.45	-0.00174229242838919	0.361945207463577
90	4.5	-0.00174229242838919	0.360655535478145
91	4.55	-0.00174229242838919	0.359365863492712
92	4.6	-0.00174229242838919	0.35807619150728
93	4.65	-0.00174229242838919	0.356786519521847
94	4.7	-0.00174229242838919	0.355496847536415
95	4.75	-0.00174229242838919	0.355496847536415
96	4.8	-0.00174229242838919	0.354207175550982
97	4.85	-0.00174229242838919	0.354207175550982
98	4.9	-0.00174229242838919	0.35291750356555
99	4.95	-0.0030319644138217	0.351627831580117
100	5	-0.00174229242838919	0.351627831580117
101	5.05	-0.0030319644138217	0.350338159594685
102	5.1	-0.00174229242838919	0.349048487609252
103	5.15	-0.00174229242838919	0.34775881562382
104	5.2	-0.0030319644138217	0.346469143638387
105	5.25	-0.00174229242838919	0.346469143638387
106	5.3	-0.0030319644138217	0.345179471652955
107	5.35	-0.0030319644138217	0.345179471652955
108	5.4	-0.00174229242838919	0.343889799667522
109	5.45	-0.00174229242838919	0.34260012768209
110	5.5	-0.0030319644138217	0.341310455696657
111	5.55	-0.00174229242838919	0.341310455696657
112	5.6	-0.0030319644138217	0.340020783711225
113	5.65	-0.0030319644138217	0.340020783711225
114	5.7	-0.0043216363992542	0.338731111725792
115	5.75	-0.0030319644138217	0.33744143974036
116	5.8	-0.0030319644138217	0.33744143974036
117	5.85	-0.0030319644138217	0.336151767754927
118	5.9	-0.0030319644138217	0.336151767754927
119	5.95	-0.0030319644138217	0.334862095769495
120	6	-0.0030319644138217	0.333572423784062
121	6.05	-0.0030319644138217	0.333572423784062
122	6.1	-0.0030319644138217	0.33228275179863
123	6.15	-0.0030319644138217	0.33228275179863
124	6.2	-0.0030319644138217	0.330993079813197
125	6.25	-0.0030319644138217	0.329703407827765
126	6.3	-0.0030319644138217	0.329703407827765
127	6.35	-0.0030319644138217	0.328413735842332
128	6.4	-0.0030319644138217	0.328413735842332
129	6.45	-0.0030319644138217	0.328413735842332
130	6.5	-0.0030319644138217	0.3271240638569
131	6.55	-0.0030319644138217	0.325834391871467
132	6.6	-0.0030319644138217	0.325834391871467
133	6.65	-0.0043216363992542	0.325834391871467
134	6.7	-0.0030319644138217	0.324544719886035
135	6.75	-0.0043216363992542	0.324544719886035
136	6.8	-0.0043216363992542	0.323255047900602
137	6.85	-0.0030319644138217	0.323255047900602
138	6.9	-0.0043216363992542	0.32196537591517
139	6.95	-0.0043216363992542	0.32196537591517
140	7	-0.0043216363992542	0.32196537591517
141	7.05	-0.0030319644138217	0.320675703929737
142	7.1	-0.0043216363992542	0.320675703929737
143	7.15	-0.0043216363992542	0.319386031944305
144	7.2	-0.0043216363992542	0.319386031944305
145	7.25	-0.0043216363992542	0.319386031944305
146	7.3	-0.0043216363992542	0.318096359958872
147	7.35	-0.0043216363992542	0.318096359958872
148	7.4	-0.0030319644138217	0.31680668797344
149	7.45	-0.0043216363992542	0.31680668797344
150	7.5	-0.0043216363992542	0.315517015988007
151	7.55	-0.0043216363992542	0.315517015988007
152	7.6	-0.0043216363992542	0.314227344002575
153	7.65	-0.0043216363992542	0.312937672017142
154	7.7	-0.0043216363992542	0.312937672017142
155	7.75	-0.0043216363992542	0.312937672017142
156	7.8	-0.0043216363992542	0.31164800003171
157	7.85	-0.0043216363992542	0.310358328046277
158	7.9	-0.0043216363992542	0.310358328046277
159	7.95	-0.0043216363992542	0.310358328046277
160	8	-0.0043216363992542	0.309068656060845
161	8.05	-0.0043216363992542	0.307778984075412
162	8.1	-0.0043216363992542	0.307778984075412
163	8.15	-0.0043216363992542	0.30648931208998
164	8.2	-0.0043216363992542	0.30648931208998
165	8.25	-0.0043216363992542	0.30648931208998
166	8.3	-0.0043216363992542	0.305199640104547
167	8.35	-0.0043216363992542	0.303909968119115
168	8.4	-0.00561130838468671	0.303909968119115
169	8.45	-0.0043216363992542	0.303909968119115
170	8.5	-0.0043216363992542	0.302620296133682
171	8.55	-0.0043216363992542	0.302620296133682
172	8.6	-0.0043216363992542	0.30133062414825
173	8.65	-0.0043216363992542	0.30133062414825
174	8.7	-0.0043216363992542	0.30133062414825
175	8.75	-0.0043216363992542	0.300040952162817
176	8.8	-0.0030319644138217	0.298751280177385
177	8.85	-0.0043216363992542	0.298751280177385
178	8.9	-0.0043216363992542	0.298751280177385
179	8.95	-0.0043216363992542	0.297461608191952
180	9	-0.0043216363992542	0.29617193620652
181	9.05	-0.0043216363992542	0.29617193620652
182	9.1	-0.0030319644138217	0.29617193620652
183	9.15	-0.0043216363992542	0.29617193620652
184	9.2	-0.0043216363992542	0.294882264221087
185	9.25	-0.0043216363992542	0.293592592235655
186	9.3	-0.0043216363992542	0.293592592235655
187	9.35	-0.0030319644138217	0.293592592235655
188	9.4	-0.0030319644138217	0.292302920250222
189	9.45	-0.0043216363992542	0.292302920250222
190	9.5	-0.0043216363992542	0.292302920250222
191	9.55	-0.0043216363992542	0.29101324826479
192	9.6	-0.0030319644138217	0.289723576279357
193	9.65	-0.0030319644138217	0.289723576279357
194	9.7	-0.0030319644138217	0.289723576279357
195	9.75	-0.0030319644138217	0.288433904293925
196	9.8	-0.0043216363992542	0.287144232308492
197	9.85	-0.0030319644138217	0.287144232308492
198	9.9	-0.0043216363992542	0.287144232308492
199	9.95	-0.0030319644138217	0.287144232308492
200	10	-0.0030319644138217	0.28585456032306
201	10.05	-0.0030319644138217	0.28585456032306
202	10.1	-0.0030319644138217	0.284564888337627
203	10.15	-0.0030319644138217	0.284564888337627
204	10.2	-0.0030319644138217	0.283275216352195
205	10.25	-0.0030319644138217	0.281985544366762
206	10.3	-0.0030319644138217	0.281985544366762
207	10.35	-0.00174229242838919	0.281985544366762
208	10.4	-0.0030319644138217	0.28069587238133
209	10.45	-0.0030319644138217	0.28069587238133
210	10.5	-0.0030319644138217	0.279406200395897
211	10.55	-0.0030319644138217	0.279406200395897
212	10.6	-0.00174229242838919	0.278116528410465
213	10.65	-0.0030319644138217	0.276826856425032
214	10.7	-0.0030319644138217	0.276826856425032
215	10.75	-0.0030319644138217	0.276826856425032
216	10.8	-0.00174229242838919	0.2755371844396
217	10.85	-0.0030319644138217	0.2755371844396
218	10.9	-0.00174229242838919	0.274247512454167
219	10.95	-0.00174229242838919	0.274247512454167
220	11	-0.0030319644138217	0.274247512454167
221	11.05	-0.0030319644138217	0.272957840468735
222	11.1	-0.0030319644138217	0.271668168483302
223	11.15	-0.0030319644138217	0.271668168483302
224	11.2	-0.0030319644138217	0.271668168483302
225	11.25	-0.00174229242838919	0.270378496497869
226	11.3	-0.00174229242838919	0.270378496497869
227	11.35	-0.0030319644138217	0.270378496497869
228	11.4	-0.0030319644138217	0.269088824512437
229	11.45	-0.00174229242838919	0.269088824512437
230	11.5	-0.0030319644138217	0.269088824512437
231	11.55	-0.00174229242838919	0.267799152527004
232	11.6	-0.00174229242838919	0.267799152527004
233	11.65	-0.0030319644138217	0.267799152527004
234	11.7	-0.0030319644138217	0.266509480541572
235	11.75	-0.00174229242838919	0.266509480541572
236	11.8	-0.00174229242838919	0.265219808556139
237	11.85	-0.00174229242838919	0.266509480541572
238	11.9	-0.00174229242838919	0.263930136570707
239	11.95	-0.00174229242838919	0.263930136570707
240	12	-0.00174229242838919	0.263930136570707
241	12.05	-0.00174229242838919	0.262640464585274
242	12.1	-0.00174229242838919	0.261350792599842
243	12.15	-0.00174229242838919	0.261350792599842
244	12.2	-0.00174229242838919	0.261350792599842
245	12.25	-0.00174229242838919	0.260061120614409
246	12.3	-0.000452620442956686	0.260061120614409
247	12.35	-0.00174229242838919	0.260061120614409
248	12.4	-0.00174229242838919	0.258771448628977
249	12.45	-0.00174229242838919	0.258771448628977
250	12.5	-0.00174229242838919	0.257481776643544
251	12.55	-0.00174229242838919	0.257481776643544
252	12.6	-0.00174229242838919	0.256192104658112
253	12.65	-0.00174229242838919	0.256192104658112
254	12.7	-0.000452620442956686	0.256192104658112
255	12.75	-0.00174229242838919	0.254902432672679
256	12.8	-0.00174229242838919	0.254902432672679
257	12.85	-0.00174229242838919	0.254902432672679
258	12.9	-0.00174229242838919	0.254902432672679
259	12.95	-0.00174229242838919	0.253612760687247
260	13	-0.00174229242838919	0.253612760687247
261	13.05	-0.00174229242838919	0.253612760687247
262	13.1	-0.00174229242838919	0.253612760687247
263	13.15	-0.00174229242838919	0.253612760687247
264	13.2	-0.000452620442956686	0.252323088701814
265	13.25	-0.00174229242838919	0.252323088701814
266	13.3	-0.00174229242838919	0.251033416716382
267	13.35	-0.00174229242838919	0.251033416716382
268	13.4	-0.00174229242838919	0.249743744730949
269	13.45	-0.00174229242838919	0.249743744730949
270	13.5	-0.00174229242838919	0.249743744730949
271	13.55	-0.000452620442956686	0.248454072745517
272	13.6	-0.00174229242838919	0.248454072745517
273	13.65	-0.00174229242838919	0.248454072745517
274	13.7	-0.00174229242838919	0.247164400760084
275	13.75	-0.000452620442956686	0.247164400760084
276	13.8	-0.00174229242838919	0.245874728774652
277	13.85	-0.00174229242838919	0.245874728774652
278	13.9	-0.00174229242838919	0.244585056789219
279	13.95	-0.000452620442956686	0.243295384803787
280	14	-0.000452620442956686	0.243295384803787
281	14.05	-0.000452620442956686	0.242005712818354
282	14.1	-0.00174229242838919	0.242005712818354
283	14.15	-0.00174229242838919	0.240716040832922
284	14.2	-0.000452620442956686	0.240716040832922
285	14.25	-0.00174229242838919	0.239426368847489
286	14.3	-0.00174229242838919	0.238136696862057
287	14.35	-0.000452620442956686	0.238136696862057
288	14.4	-0.000452620442956686	0.236847024876624
289	14.45	-0.00174229242838919	0.236847024876624
290	14.5	-0.00174229242838919	0.235557352891192
291	14.55	-0.00174229242838919	0.235557352891192
292	14.6	-0.00174229242838919	0.234267680905759
293	14.65	-0.00174229242838919	0.234267680905759
294	14.7	-0.00174229242838919	0.232978008920327
295	14.75	-0.00174229242838919	0.232978008920327
296	14.8	-0.00174229242838919	0.231688336934894
297	14.85	-0.00174229242838919	0.230398664949462
298	14.9	-0.00174229242838919	0.230398664949462
299	14.95	-0.00174229242838919	0.229108992964029
300	15	-0.00174229242838919	0.229108992964029
301	15.05	-0.00174229242838919	0.227819320978597
302	15.1	-0.00174229242838919	0.227819320978597
303	15.15	-0.00174229242838919	0.226529648993164
304	15.2	-0.00174229242838919	0.226529648993164
305	15.25	-0.00174229242838919	0.225239977007732
306	15.3	-0.00174229242838919	0.223950305022299
307	15.35	-0.0030319644138217	0.223950305022299
308	15.4	-0.00174229242838919	0.222660633036867
309	15.45	-0.00174229242838919	0.222660633036867
310	15.5	-0.00174229242838919	0.221370961051434
311	15.55	-0.00174229242838919	0.221370961051434
312	15.6	-0.0030319644138217	0.221370961051434
313	15.65	-0.0030319644138217	0.220081289066002
314	15.7	-0.0030319644138217	0.218791617080569
315	15.75	-0.0030319644138217	0.218791617080569
316	15.8	-0.00174229242838919	0.218791617080569
317	15.85	-0.0030319644138217	0.217501945095137
318	15.9	-0.00174229242838919	0.216212273109704
319	15.95	-0.0030319644138217	0.214922601124272
320	16	-0.0030319644138217	0.214922601124272
321	16.05	-0.0030319644138217	0.214922601124272
322	16.1	-0.0043216363992542	0.213632929138839
323	16.15	-0.0030319644138217	0.213632929138839
324	16.2	-0.0030319644138217	0.212343257153407
325	16.25	-0.0030319644138217	0.212343257153407
326	16.3	-0.0030319644138217	0.211053585167974
327	16.35	-0.0043216363992542	0.211053585167974
328	16.4	-0.0043216363992542	0.209763913182542
329	16.45	-0.0043216363992542	0.208474241197109
330	16.5	-0.0043216363992542	0.208474241197109
331	16.55	-0.0043216363992542	0.208474241197109
332	16.6	-0.0043216363992542	0.207184569211677
333	16.65	-0.0030319644138217	0.205894897226244
334	16.7	-0.0030319644138217	0.205894897226244
335	16.75	-0.0043216363992542	0.204605225240812
336	16.8	-0.0043216363992542	0.204605225240812
337	16.85	-0.0043216363992542	0.204605225240812
338	16.9	-0.0043216363992542	0.203315553255379
339	16.95	-0.00561130838468671	0.202025881269947
340	17	-0.0043216363992542	0.202025881269947
341	17.05	-0.0043216363992542	0.200736209284514
342	17.1	-0.00561130838468671	0.199446537299082
343	17.15	-0.0043216363992542	0.199446537299082
344	17.2	-0.00561130838468671	0.198156865313649
345	17.25	-0.00561130838468671	0.198156865313649
346	17.3	-0.00561130838468671	0.196867193328217
347	17.35	-0.00561130838468671	0.196867193328217
348	17.4	-0.00561130838468671	0.195577521342784
349	17.45	-0.0043216363992542	0.195577521342784
350	17.5	-0.00561130838468671	0.195577521342784
351	17.55	-0.00561130838468671	0.194287849357352
352	17.6	-0.00561130838468671	0.192998177371919
353	17.65	-0.00561130838468671	0.192998177371919
354	17.7	-0.00561130838468671	0.191708505386487
355	17.75	-0.00690098037011921	0.190418833401054
356	17.8	-0.00561130838468671	0.190418833401054
357	17.85	-0.00690098037011921	0.190418833401054
358	17.9	-0.00690098037011921	0.189129161415622
359	17.95	-0.00690098037011921	0.187839489430189
360	18	-0.00690098037011921	0.187839489430189
361	18.05	-0.00690098037011921	0.186549817444757
362	18.1	-0.00690098037011921	0.186549817444757
363	18.15	-0.00690098037011921	0.185260145459324
364	18.2	-0.00690098037011921	0.185260145459324
365	18.25	-0.00690098037011921	0.183970473473892
366	18.3	-0.00690098037011921	0.182680801488459
367	18.35	-0.00690098037011921	0.183970473473892
368	18.4	-0.00690098037011921	0.182680801488459
369	18.45	-0.00690098037011921	0.181391129503027
370	18.5	-0.00690098037011921	0.180101457517594
371	18.55	-0.00690098037011921	0.180101457517594
372	18.6	-0.00690098037011921	0.180101457517594
373	18.65	-0.00690098037011921	0.178811785532162
374	18.7	-0.00819065235555172	0.178811785532162
375	18.75	-0.00690098037011921	0.177522113546729
376	18.8	-0.00690098037011921	0.177522113546729
377	18.85	-0.00819065235555172	0.176232441561297
378	18.9	-0.00690098037011921	0.176232441561297
379	18.95	-0.00690098037011921	0.174942769575864
380	19	-0.00819065235555172	0.174942769575864
381	19.05	-0.00819065235555172	0.173653097590432
382	19.1	-0.00819065235555172	0.172363425604999
383	19.15	-0.00690098037011921	0.172363425604999
384	19.2	-0.00819065235555172	0.171073753619567
385	19.25	-0.00819065235555172	0.171073753619567
386	19.3	-0.00948032434098423	0.171073753619567
387	19.35	-0.00819065235555172	0.169784081634134
388	19.4	-0.00819065235555172	0.168494409648702
389	19.45	-0.00819065235555172	0.168494409648702
390	19.5	-0.00819065235555172	0.167204737663269
391	19.55	-0.00948032434098423	0.167204737663269
392	19.6	-0.00819065235555172	0.165915065677837
393	19.65	-0.00819065235555172	0.164625393692404
394	19.7	-0.00819065235555172	0.165915065677837
395	19.75	-0.00819065235555172	0.164625393692404
396	19.8	-0.00819065235555172	0.163335721706972
397	19.85	-0.00819065235555172	0.163335721706972
398	19.9	-0.00819065235555172	0.162046049721539
399	19.95	-0.00819065235555172	0.160756377736107
400	20	-0.00819065235555172	0.160756377736107
401	20.05	-0.00819065235555172	0.159466705750674
402	20.1	-0.00819065235555172	0.159466705750674
403	20.15	-0.00819065235555172	0.158177033765242
404	20.2	-0.00819065235555172	0.158177033765242
405	20.25	-0.00819065235555172	0.156887361779809
406	20.3	-0.00819065235555172	0.156887361779809
407	20.35	-0.00819065235555172	0.156887361779809
408	20.4	-0.00819065235555172	0.155597689794376
409	20.45	-0.00819065235555172	0.154308017808944
410	20.5	-0.00819065235555172	0.154308017808944
411	20.55	-0.00690098037011921	0.153018345823511
412	20.6	-0.00690098037011921	0.151728673838079
413	20.65	-0.00819065235555172	0.151728673838079
414	20.7	-0.00819065235555172	0.150439001852646
415	20.75	-0.00690098037011921	0.149149329867214
416	20.8	-0.00690098037011921	0.147859657881781
417	20.85	-0.00690098037011921	0.147859657881781
418	20.9	-0.00690098037011921	0.146569985896349
419	20.95	-0.00690098037011921	0.145280313910916
420	21	-0.00690098037011921	0.145280313910916
421	21.05	-0.00690098037011921	0.143990641925484
422	21.1	-0.00690098037011921	0.142700969940051
423	21.15	-0.00690098037011921	0.141411297954619
424	21.2	-0.00561130838468671	0.141411297954619
425	21.25	-0.00561130838468671	0.140121625969186
426	21.3	-0.00561130838468671	0.140121625969186
427	21.35	-0.00690098037011921	0.137542281998321
428	21.4	-0.00561130838468671	0.137542281998321
429	21.45	-0.00561130838468671	0.137542281998321
430	21.5	-0.00561130838468671	0.136252610012889
431	21.55	-0.00561130838468671	0.134962938027456
432	21.6	-0.00561130838468671	0.134962938027456
433	21.65	-0.00561130838468671	0.133673266042024
434	21.7	-0.0043216363992542	0.133673266042024
435	21.75	-0.00561130838468671	0.132383594056591
436	21.8	-0.00561130838468671	0.131093922071159
437	21.85	-0.00561130838468671	0.131093922071159
438	21.9	-0.0043216363992542	0.129804250085726
439	21.95	-0.0043216363992542	0.129804250085726
440	22	-0.0043216363992542	0.128514578100294
441	22.05	-0.0043216363992542	0.128514578100294
442	22.1	-0.0043216363992542	0.127224906114861
443	22.15	-0.0043216363992542	0.127224906114861
444	22.2	-0.0043216363992542	0.125935234129429
445	22.25	-0.0043216363992542	0.125935234129429
446	22.3	-0.0043216363992542	0.125935234129429
447	22.35	-0.0030319644138217	0.123355890158564
448	22.4	-0.0043216363992542	0.123355890158564
449	22.45	-0.0030319644138217	0.123355890158564
450	22.5	-0.0030319644138217	0.122066218173131
451	22.55	-0.0030319644138217	0.120776546187699
452	22.6	-0.0030319644138217	0.120776546187699
453	22.65	-0.00174229242838919	0.119486874202266
454	22.7	-0.0030319644138217	0.118197202216834
455	22.75	-0.00174229242838919	0.118197202216834
456	22.8	-0.00174229242838919	0.116907530231401
457	22.85	-0.0030319644138217	0.116907530231401
458	22.9	-0.00174229242838919	0.116907530231401
459	22.95	-0.00174229242838919	0.115617858245969
460	23	-0.00174229242838919	0.114328186260536
461	23.05	-0.00174229242838919	0.114328186260536
462	23.1	-0.00174229242838919	0.111748842289671
463	23.15	-0.00174229242838919	0.111748842289671
464	23.2	-0.00174229242838919	0.111748842289671
465	23.25	-0.000452620442956686	0.110459170304239
466	23.3	-0.00174229242838919	0.110459170304239
467	23.35	-0.00174229242838919	0.107879826333374
468	23.4	-0.00174229242838919	0.107879826333374
469	23.45	-0.00174229242838919	0.107879826333374
470	23.5	-0.00174229242838919	0.106590154347941
471	23.55	-0.00174229242838919	0.105300482362509
472	23.6	-0.00174229242838919	0.105300482362509
473	23.65	-0.00174229242838919	0.104010810377076
474	23.7	-0.00174229242838919	0.102721138391644
475	23.75	-0.00174229242838919	0.101431466406211
476	23.8	-0.00174229242838919	0.101431466406211
477	23.85	-0.00174229242838919	0.100141794420779
478	23.9	-0.00174229242838919	0.0988521224353462
479	23.95	-0.00174229242838919	0.0988521224353462
480	24	-0.00174229242838919	0.0975624504499137
481	24.05	-0.00174229242838919	0.0962727784644812
482	24.1	-0.0030319644138217	0.0949831064790487
483	24.15	-0.0030319644138217	0.0949831064790487
484	24.2	-0.0030319644138217	0.0949831064790487
485	24.25	-0.0030319644138217	0.0936934344936162
486	24.3	-0.0030319644138217	0.0924037625081837
487	24.35	-0.0030319644138217	0.0911140905227512
488	24.4	-0.0043216363992542	0.0911140905227512
489	24.45	-0.0043216363992542	0.0898244185373187
490	24.5	-0.0043216363992542	0.0885347465518862
491	24.55	-0.00561130838468671	0.0885347465518862
492	24.6	-0.00561130838468671	0.0872450745664537
493	24.65	-0.00561130838468671	0.0872450745664537
494	24.7	-0.00561130838468671	0.0859554025810212
495	24.75	-0.00690098037011921	0.0859554025810212
496	24.8	-0.00690098037011921	0.0846657305955887
497	24.85	-0.00690098037011921	0.0833760586101562
498	24.9	-0.00690098037011921	0.0820863866247237
499	24.95	-0.00690098037011921	0.0820863866247237
500	25	-0.00819065235555172	0.0807967146392912
501	25.05	-0.00948032434098423	0.0807967146392912
502	25.1	-0.00948032434098423	0.0795070426538587
503	25.15	-0.00948032434098423	0.0795070426538587
504	25.2	-0.00948032434098423	0.0782173706684262
505	25.25	-0.0107699963264167	0.0782173706684262
506	25.3	-0.0120596683118492	0.0769276986829937
507	25.35	-0.0120596683118492	0.0769276986829937
508	25.4	-0.0120596683118492	0.0756380266975611
509	25.45	-0.0120596683118492	0.0743483547121286
510	25.5	-0.0133493402972817	0.0743483547121286
511	25.55	-0.0159286842681468	0.0730586827266961
512	25.6	-0.0146390122827142	0.0717690107412636
513	25.65	-0.0159286842681468	0.0717690107412636
514	25.7	-0.0159286842681468	0.0717690107412636
515	25.75	-0.0172183562535793	0.0691896667703986
516	25.8	-0.0172183562535793	0.0691896667703986
517	25.85	-0.0197977002244443	0.0691896667703986
518	25.9	-0.0210873722098768	0.0678999947849661
519	25.95	-0.0223770441953093	0.0666103227995336
520	26	-0.0236667161807418	0.0653206508141011
521	26.05	-0.0236667161807418	0.0640309788286686
522	26.1	-0.0262460601516068	0.0640309788286686
523	26.15	-0.0262460601516068	0.0627413068432361
524	26.2	-0.0288254041224718	0.0614516348578036
525	26.25	-0.0275357321370393	0.0601619628723711
526	26.3	-0.0301150761079043	0.0601619628723711
527	26.35	-0.0326944200787693	0.0588722908869386
528	26.4	-0.0314047480933368	0.0575826189015061
529	26.45	-0.0339840920642018	0.0575826189015061
530	26.5	-0.0352737640496343	0.0562929469160736
531	26.55	-0.0378531080204993	0.0550032749306411
532	26.6	-0.0391427800059319	0.0537136029452085
533	26.65	-0.0404324519913644	0.052423930959776
534	26.7	-0.0417221239767969	0.0511342589743435
535	26.75	-0.0430117959622294	0.0511342589743435
536	26.8	-0.0443014679476619	0.049844586988911
537	26.85	-0.0468808119185269	0.0485549150034785
538	26.9	-0.0468808119185269	0.0485549150034785
539	26.95	-0.0481704839039594	0.047265243018046
540	27	-0.0494601558893919	0.0459755710326135
541	27.05	-0.0520394998602569	0.044685899047181
542	27.1	-0.0546188438311219	0.044685899047181
543	27.15	-0.0533291718456894	0.0433962270617485
544	27.2	-0.0546188438311219	0.042106555076316
545	27.25	-0.0571981878019869	0.042106555076316
546	27.3	-0.0571981878019869	0.0408168830908835
547	27.35	-0.0584878597874194	0.039527211105451
548	27.4	-0.0584878597874194	0.039527211105451
549	27.45	-0.0610672037582844	0.0382375391200185
550	27.5	-0.062356875743717	0.0382375391200185
551	27.55	-0.0636465477291495	0.036947867134586
552	27.6	-0.0636465477291495	0.036947867134586
553	27.65	-0.0662258917000145	0.0356581951491535
554	27.7	-0.064936219714582	0.0356581951491535
555	27.75	-0.0662258917000145	0.034368523163721
556	27.8	-0.0662258917000145	0.0330788511782885
557	27.85	-0.070094907656312	0.0330788511782885
558	27.9	-0.0713845796417445	0.0330788511782885
559	27.95	-0.070094907656312	0.031789179192856
560	28	-0.0713845796417445	0.0304995072074234
561	28.05	-0.0739639236126095	0.0292098352219909
562	28.1	-0.0739639236126095	0.0304995072074234
563	28.15	-0.075253595598042	0.0292098352219909
564	28.2	-0.0765432675834745	0.0292098352219909
565	28.25	-0.0765432675834745	0.0279201632365584
566	28.3	-0.077832939568907	0.0279201632365584
567	28.35	-0.0791226115543395	0.0279201632365584
568	28.4	-0.0791226115543395	0.0266304912511259
569	28.45	-0.082991627510637	0.0266304912511259
570	28.5	-0.082991627510637	0.0253408192656934
571	28.55	-0.082991627510637	0.0253408192656934
572	28.6	-0.0842812994960696	0.0253408192656934
573	28.65	-0.0855709714815021	0.0240511472802609
574	28.7	-0.0842812994960696	0.0240511472802609
575	28.75	-0.0881503154523671	0.0240511472802609
576	28.8	-0.0881503154523671	0.0227614752948284
577	28.85	-0.0907296594232321	0.0227614752948284
578	28.9	-0.0920193314086646	0.0214718033093959
579	28.95	-0.0920193314086646	0.0214718033093959
580	29	-0.0933090033940971	0.0214718033093959
581	29.05	-0.0945986753795296	0.0201821313239634
582	29.1	-0.0958883473649621	0.0188924593385309
583	29.15	-0.0971780193503946	0.0188924593385309
584	29.2	-0.0958883473649621	0.0188924593385309
585	29.25	-0.0997573633212596	0.0176027873530984
586	29.3	-0.101047035306692	0.0176027873530984
587	29.35	-0.0997573633212596	0.0163131153676659
588	29.4	-0.102336707292125	0.0150234433822334
589	29.45	-0.103626379277557	0.0150234433822334
590	29.5	-0.106205723248422	0.0150234433822334
591	29.55	-0.108785067219287	0.0137337713968009
592	29.6	-0.11007473920472	0.0124440994113684
593	29.65	-0.11007473920472	0.0111544274259359
594	29.7	-0.112654083175585	0.0111544274259359
595	29.75	-0.11523342714645	0.00986475544050336
596	29.8	-0.11523342714645	0.00857508345507085
597	29.85	-0.117812771117315	0.00857508345507085
598	29.9	-0.117812771117315	0.00728541146963835
599	29.95	-0.119102443102747	0.00728541146963835
600	30	-0.12039211508818	0.00599573948420584
601	30.05	-0.122971459059045	0.00599573948420584
602	30.1	-0.12555080302991	0.00470606749877334
603	30.15	-0.126840475015342	0.00470606749877334
604	30.2	-0.12555080302991	0.00341639551334083
605	30.25	-0.126840475015342	0.00212672352790833
606	30.3	-0.128130147000775	0.00212672352790833
607	30.35	-0.129419818986207	0.00083705154247582
608	30.4	-0.128130147000775	-0.000452620442956686
609	30.45	-0.131999162957072	-0.000452620442956686
610	30.5	-0.13070949097164	-0.00174229242838919
611	30.55	-0.129419818986207	-0.00174229242838919
612	30.6	-0.134578506927937	-0.0030319644138217
613	30.65	-0.133288834942505	-0.0030319644138217
614	30.7	-0.134578506927937	-0.0043216363992542
615	30.75	-0.137157850898802	-0.0043216363992542
616	30.8	-0.13586817891337	-0.00561130838468671
617	30.85	-0.133288834942505	-0.00561130838468671
618	30.9	-0.134578506927937	-0.00561130838468671
619	30.95	-0.138447522884235	-0.00690098037011921
620	31	-0.139737194869667	-0.00690098037011921
621	31.05	-0.142316538840532	-0.00690098037011921
622	31.1	-0.139737194869667	-0.00819065235555172
623	31.15	-0.143606210825965	-0.00819065235555172
624	31.2	-0.143606210825965	-0.00948032434098423
625	31.25	-0.142316538840532	-0.00948032434098423
626	31.3	-0.144895882811397	-0.0107699963264167
627	31.35	-0.14618555479683	-0.0120596683118492
628	31.4	-0.148764898767695	-0.0120596683118492
629	31.45	-0.148764898767695	-0.0133493402972817
630	31.5	-0.148764898767695	-0.0133493402972817
631	31.55	-0.150054570753127	-0.0146390122827142
632	31.6	-0.15134424273856	-0.0146390122827142
633	31.65	-0.150054570753127	-0.0172183562535793
634	31.7	-0.152633914723992	-0.0172183562535793
635	31.75	-0.153923586709425	-0.0185080282390118
636	31.8	-0.155213258694857	-0.0197977002244443
637	31.85	-0.153923586709425	-0.0197977002244443
638	31.9	-0.15650293068029	-0.0210873722098768
639	31.95	-0.157792602665722	-0.0236667161807418
640	32	-0.160371946636587	-0.0236667161807418
641	32.05	-0.164240962592885	-0.0249563881661743
642	32.1	-0.16166161862202	-0.0262460601516068
643	32.15	-0.16166161862202	-0.0275357321370393
644	32.2	-0.16166161862202	-0.0275357321370393
645	32.25	-0.162951290607452	-0.0288254041224718
646	32.3	-0.164240962592885	-0.0288254041224718
647	32.35	-0.164240962592885	-0.0301150761079043
648	32.4	-0.162951290607452	-0.0314047480933368
649	32.45	-0.160371946636587	-0.0314047480933368
650	32.5	-0.162951290607452	-0.0326944200787693
651	32.55	-0.162951290607452	-0.0326944200787693
652	32.6	-0.16682030656375	-0.0326944200787693
653	32.65	-0.165530634578317	-0.0339840920642018
654	32.7	-0.165530634578317	-0.0352737640496343
655	32.75	-0.165530634578317	-0.0352737640496343
656	32.8	-0.164240962592885	-0.0352737640496343
657	32.85	-0.16682030656375	-0.0378531080204993
658	32.9	-0.16682030656375	-0.0365634360350668
659	32.95	-0.165530634578317	-0.0378531080204993
660	33	-0.164240962592885	-0.0391427800059319
661	33.05	-0.164240962592885	-0.0404324519913644
662	33.1	-0.164240962592885	-0.0417221239767969
663	33.15	-0.165530634578317	-0.0417221239767969
664	33.2	-0.162951290607452	-0.0417221239767969
665	33.25	-0.164240962592885	-0.0430117959622294
666	33.3	-0.165530634578317	-0.0443014679476619
667	33.35	-0.162951290607452	-0.0455911399330944
668	33.4	-0.16166161862202	-0.0455911399330944
669	33.45	-0.160371946636587	-0.0468808119185269
670	33.5	-0.160371946636587	-0.0481704839039594
671	33.55	-0.159082274651155	-0.0494601558893919
672	33.6	-0.159082274651155	-0.0507498278748244
673	33.65	-0.159082274651155	-0.0507498278748244
674	33.7	-0.159082274651155	-0.0520394998602569
675	33.75	-0.157792602665722	-0.0533291718456894
676	33.8	-0.155213258694857	-0.0546188438311219
677	33.85	-0.153923586709425	-0.0559085158165544
678	33.9	-0.155213258694857	-0.0559085158165544
679	33.95	-0.152633914723992	-0.0571981878019869
680	34	-0.15134424273856	-0.0584878597874194
681	34.05	-0.15134424273856	-0.0597775317728519
682	34.1	-0.150054570753127	-0.0610672037582844
683	34.15	-0.150054570753127	-0.0610672037582844
684	34.2	-0.14618555479683	-0.0636465477291495
685	34.25	-0.147475226782262	-0.064936219714582
686	34.3	-0.14618555479683	-0.064936219714582
687	34.35	-0.143606210825965	-0.0662258917000145
688	34.4	-0.144895882811397	-0.067515563685447
689	34.45	-0.143606210825965	-0.067515563685447
690	34.5	-0.139737194869667	-0.070094907656312
691	34.55	-0.1410268668551	-0.070094907656312
692	34.6	-0.139737194869667	-0.0713845796417445
693	34.65	-0.138447522884235	-0.072674251627177
694	34.7	-0.137157850898802	-0.072674251627177
695	34.75	-0.13586817891337	-0.0739639236126095
696	34.8	-0.138447522884235	-0.075253595598042
697	34.85	-0.138447522884235	-0.075253595598042
698	34.9	-0.13586817891337	-0.0765432675834745
699	34.95	-0.137157850898802	-0.0765432675834745
700	35	-0.134578506927937	-0.077832939568907
701	35.05	-0.133288834942505	-0.077832939568907
702	35.1	-0.133288834942505	-0.0791226115543395
703	35.15	-0.133288834942505	-0.0791226115543395
704	35.2	-0.128130147000775	-0.080412283539772
705	35.25	-0.129419818986207	-0.0817019555252045
706	35.3	-0.129419818986207	-0.0817019555252045
707	35.35	-0.128130147000775	-0.082991627510637
708	35.4	-0.12555080302991	-0.082991627510637
709	35.45	-0.124261131044477	-0.0842812994960696
710	35.5	-0.119102443102747	-0.0855709714815021
711	35.55	-0.121681787073612	-0.0855709714815021
712	35.6	-0.117812771117315	-0.0868606434669346
713	35.65	-0.116523099131882	-0.0868606434669346
714	35.7	-0.113943755161017	-0.0881503154523671
715	35.75	-0.11523342714645	-0.0894399874377996
716	35.8	-0.112654083175585	-0.0894399874377996
717	35.85	-0.111364411190152	-0.0907296594232321
718	35.9	-0.11007473920472	-0.0920193314086646
719	35.95	-0.11007473920472	-0.0933090033940971
720	36	-0.106205723248422	-0.0933090033940971
721	36.05	-0.10491605126299	-0.0945986753795296
722	36.1	-0.103626379277557	-0.0945986753795296
723	36.15	-0.101047035306692	-0.0958883473649621
724	36.2	-0.0997573633212596	-0.0971780193503946
725	36.25	-0.101047035306692	-0.0971780193503946
726	36.3	-0.0971780193503946	-0.0984676913358271
727	36.35	-0.0933090033940971	-0.0997573633212596
728	36.4	-0.0920193314086646	-0.101047035306692
729	36.45	-0.0907296594232321	-0.101047035306692
730	36.5	-0.0894399874377996	-0.102336707292125
731	36.55	-0.0894399874377996	-0.102336707292125
732	36.6	-0.0881503154523671	-0.103626379277557
733	36.65	-0.0855709714815021	-0.10491605126299
734	36.7	-0.0855709714815021	-0.10491605126299
735	36.75	-0.082991627510637	-0.106205723248422
736	36.8	-0.080412283539772	-0.106205723248422
737	36.85	-0.080412283539772	-0.107495395233855
738	36.9	-0.080412283539772	-0.108785067219287
739	36.95	-0.0791226115543395	-0.108785067219287
740	37	-0.077832939568907	-0.11007473920472
741	37.05	-0.075253595598042	-0.11007473920472
742	37.1	-0.075253595598042	-0.11007473920472
743	37.15	-0.0713845796417445	-0.111364411190152
744	37.2	-0.072674251627177	-0.112654083175585
745	37.25	-0.070094907656312	-0.113943755161017
746	37.3	-0.067515563685447	-0.112654083175585
747	37.35	-0.067515563685447	-0.113943755161017
748	37.4	-0.0662258917000145	-0.113943755161017
749	37.45	-0.0636465477291495	-0.11523342714645
750	37.5	-0.062356875743717	-0.116523099131882
751	37.55	-0.0610672037582844	-0.116523099131882
752	37.6	-0.0584878597874194	-0.117812771117315
753	37.65	-0.0584878597874194	-0.119102443102747
754	37.7	-0.0546188438311219	-0.12039211508818
755	37.75	-0.0546188438311219	-0.12039211508818
756	37.8	-0.0546188438311219	-0.121681787073612
757	37.85	-0.0520394998602569	-0.121681787073612
758	37.9	-0.0507498278748244	-0.122971459059045
759	37.95	-0.0481704839039594	-0.124261131044477
760	38	-0.0494601558893919	-0.12555080302991
761	38.05	-0.0468808119185269	-0.126840475015342
762	38.1	-0.0455911399330944	-0.126840475015342
763	38.15	-0.0430117959622294	-0.128130147000775
764	38.2	-0.0443014679476619	-0.128130147000775
765	38.25	-0.0430117959622294	-0.129419818986207
766	38.3	-0.0430117959622294	-0.129419818986207
767	38.35	-0.0417221239767969	-0.13070949097164
768	38.4	-0.0404324519913644	-0.13070949097164
769	38.45	-0.0378531080204993	-0.131999162957072
770	38.5	-0.0378531080204993	-0.131999162957072
771	38.55	-0.0378531080204993	-0.133288834942505
772	38.6	-0.0352737640496343	-0.134578506927937
773	38.65	-0.0365634360350668	-0.133288834942505
774	38.7	-0.0365634360350668	-0.134578506927937
775	38.75	-0.0352737640496343	-0.13586817891337
776	38.8	-0.0352737640496343	-0.13586817891337
777	38.85	-0.0326944200787693	-0.13586817891337
778	38.9	-0.0326944200787693	-0.137157850898802
779	38.95	-0.0314047480933368	-0.137157850898802
780	39	-0.0301150761079043	-0.137157850898802
781	39.05	-0.0288254041224718	-0.138447522884235
782	39.1	-0.0275357321370393	-0.139737194869667
783	39.15	-0.0249563881661743	-0.1410268668551
784	39.2	-0.0249563881661743	-0.1410268668551
785	39.25	-0.0249563881661743	-0.142316538840532
786	39.3	-0.0236667161807418	-0.142316538840532
787	39.35	-0.0236667161807418	-0.144895882811397
788	39.4	-0.0223770441953093	-0.144895882811397
789	39.45	-0.0210873722098768	-0.14618555479683
790	39.5	-0.0197977002244443	-0.14618555479683
791	39.55	-0.0185080282390118	-0.147475226782262
792	39.6	-0.0185080282390118	-0.147475226782262
793	39.65	-0.0172183562535793	-0.147475226782262
794	39.7	-0.0172183562535793	-0.148764898767695
795	39.75	-0.0159286842681468	-0.150054570753127
796	39.8	-0.0159286842681468	-0.150054570753127
797	39.85	-0.0133493402972817	-0.15134424273856
798	39.9	-0.0146390122827142	-0.152633914723992
799	39.95	-0.0133493402972817	-0.152633914723992
800	40	-0.0120596683118492	-0.153923586709425
801	40.05	-0.0120596683118492	-0.155213258694857
802	40.1	-0.0120596683118492	-0.153923586709425
803	40.15	-0.0120596683118492	-0.15650293068029
804	40.2	-0.0107699963264167	-0.157792602665722
805	40.25	-0.0107699963264167	-0.157792602665722
806	40.3	-0.0107699963264167	-0.157792602665722
807	40.35	-0.00948032434098423	-0.159082274651155
808	40.4	-0.00948032434098423	-0.160371946636587
809	40.45	-0.00948032434098423	-0.160371946636587
810	40.5	-0.00819065235555172	-0.160371946636587
811	40.55	-0.00690098037011921	-0.16166161862202
812	40.6	-0.00819065235555172	-0.16166161862202
813	40.65	-0.00690098037011921	-0.162951290607452
814	40.7	-0.00690098037011921	-0.162951290607452
815	40.75	-0.00690098037011921	-0.164240962592885
816	40.8	-0.00690098037011921	-0.164240962592885
817	40.85	-0.00561130838468671	-0.165530634578317
818	40.9	-0.00561130838468671	-0.165530634578317
819	40.95	-0.00561130838468671	-0.16682030656375
820	41	-0.0043216363992542	-0.16682030656375
821	41.05	-0.0043216363992542	-0.168109978549182
822	41.1	-0.0043216363992542	-0.169399650534615
823	41.15	-0.0043216363992542	-0.170689322520047
824	41.2	-0.0030319644138217	-0.170689322520047
825	41.25	-0.0043216363992542	-0.170689322520047
826	41.3	-0.0030319644138217	-0.17197899450548
827	41.35	-0.0030319644138217	-0.17197899450548
828	41.4	-0.0030319644138217	-0.173268666490912
829	41.45	-0.0030319644138217	-0.174558338476345
830	41.5	-0.0030319644138217	-0.174558338476345
831	41.55	-0.0030319644138217	-0.175848010461777
832	41.6	-0.00174229242838919	-0.175848010461777
833	41.65	-0.00174229242838919	-0.17713768244721
834	41.7	-0.00174229242838919	-0.178427354432642
835	41.75	-0.00174229242838919	-0.178427354432642
836	41.8	-0.00174229242838919	-0.178427354432642
837	41.85	-0.00174229242838919	-0.179717026418075
838	41.9	-0.00174229242838919	-0.179717026418075
839	41.95	-0.00174229242838919	-0.179717026418075
840	42	-0.00174229242838919	-0.181006698403507
841	42.05	-0.00174229242838919	-0.181006698403507
842	42.1	-0.00174229242838919	-0.181006698403507
843	42.15	-0.00174229242838919	-0.181006698403507
844	42.2	-0.00174229242838919	-0.181006698403507
845	42.25	-0.00174229242838919	-0.18229637038894
846	42.3	-0.00174229242838919	-0.183586042374372
847	42.35	-0.00174229242838919	-0.184875714359805
848	42.4	-0.00174229242838919	-0.184875714359805
849	42.45	-0.00174229242838919	-0.184875714359805
850	42.5	-0.00174229242838919	-0.186165386345237
851	42.55	-0.00174229242838919	-0.186165386345237
852	42.6	-0.00174229242838919	-0.18745505833067
853	42.65	-0.00174229242838919	-0.18745505833067
854	42.7	-0.00174229242838919	-0.188744730316103
855	42.75	-0.00174229242838919	-0.188744730316103
856	42.8	-0.00174229242838919	-0.190034402301535
857	42.85	-0.00174229242838919	-0.190034402301535
858	42.9	-0.00174229242838919	-0.190034402301535
859	42.95	-0.00174229242838919	-0.191324074286968
860	43	-0.00174229242838919	-0.1926137462724
861	43.05	-0.00174229242838919	-0.1926137462724
862	43.1	-0.0030319644138217	-0.1926137462724
863	43.15	-0.00174229242838919	-0.193903418257833
864	43.2	-0.00174229242838919	-0.195193090243265
865	43.25	-0.00174229242838919	-0.195193090243265
866	43.3	-0.00174229242838919	-0.196482762228698
867	43.35	-0.00174229242838919	-0.196482762228698
868	43.4	-0.00174229242838919	-0.19777243421413
869	43.45	-0.00174229242838919	-0.19777243421413
870	43.5	-0.0030319644138217	-0.19777243421413
871	43.55	-0.0030319644138217	-0.199062106199563
872	43.6	-0.0030319644138217	-0.199062106199563
873	43.65	-0.0030319644138217	-0.200351778184995
874	43.7	-0.00174229242838919	-0.200351778184995
875	43.75	-0.0030319644138217	-0.201641450170428
876	43.8	-0.0030319644138217	-0.201641450170428
877	43.85	-0.0030319644138217	-0.20293112215586
878	43.9	-0.0030319644138217	-0.20293112215586
879	43.95	-0.0030319644138217	-0.20293112215586
880	44	-0.0030319644138217	-0.204220794141293
881	44.05	-0.0030319644138217	-0.204220794141293
882	44.1	-0.0030319644138217	-0.205510466126725
883	44.15	-0.0030319644138217	-0.205510466126725
884	44.2	-0.0043216363992542	-0.206800138112158
885	44.25	-0.0043216363992542	-0.206800138112158
886	44.3	-0.0043216363992542	-0.20808981009759
887	44.35	-0.00561130838468671	-0.20808981009759
888	44.4	-0.00561130838468671	-0.209379482083023
889	44.45	-0.00561130838468671	-0.209379482083023
890	44.5	-0.0043216363992542	-0.210669154068455
891	44.55	-0.00561130838468671	-0.210669154068455
892	44.6	-0.00561130838468671	-0.211958826053888
893	44.65	-0.00561130838468671	-0.21324849803932
894	44.7	-0.00561130838468671	-0.21324849803932
895	44.75	-0.00561130838468671	-0.214538170024753
896	44.8	-0.00690098037011921	-0.214538170024753
897	44.85	-0.00561130838468671	-0.214538170024753
898	44.9	-0.00690098037011921	-0.217117513995618
899	44.95	-0.00690098037011921	-0.217117513995618
900	45	-0.00690098037011921	-0.21840718598105
901	45.05	-0.00690098037011921	-0.21840718598105
902	45.1	-0.00690098037011921	-0.219696857966483
903	45.15	-0.00690098037011921	-0.220986529951915
904	45.2	-0.00690098037011921	-0.220986529951915
905	45.25	-0.00819065235555172	-0.222276201937348
906	45.3	-0.00690098037011921	-0.222276201937348
907	45.35	-0.00690098037011921	-0.22356587392278
908	45.4	-0.00690098037011921	-0.22356587392278
909	45.45	-0.00819065235555172	-0.224855545908213
910	45.5	-0.00819065235555172	-0.226145217893645
911	45.55	-0.00819065235555172	-0.226145217893645
912	45.6	-0.00819065235555172	-0.227434889879078
913	45.65	-0.00819065235555172	-0.22872456186451
914	45.7	-0.00819065235555172	-0.22872456186451
915	45.75	-0.00819065235555172	-0.230014233849943
916	45.8	-0.00819065235555172	-0.230014233849943
917	45.85	-0.00819065235555172	-0.231303905835375
918	45.9	-0.00819065235555172	-0.231303905835375
919	45.95	-0.00819065235555172	-0.231303905835375
920	46	-0.00819065235555172	-0.231303905835375
921	46.05	-0.00948032434098423	-0.232593577820808
922	46.1	-0.00819065235555172	-0.23388324980624
923	46.15	-0.00819065235555172	-0.23388324980624
924	46.2	-0.00819065235555172	-0.235172921791673
925	46.25	-0.00948032434098423	-0.236462593777105
926	46.3	-0.00948032434098423	-0.236462593777105
927	46.35	-0.00948032434098423	-0.237752265762538
928	46.4	-0.00819065235555172	-0.237752265762538
929	46.45	-0.00819065235555172	-0.23904193774797
930	46.5	-0.00819065235555172	-0.23904193774797
931	46.55	-0.00948032434098423	-0.23904193774797
932	46.6	-0.00819065235555172	-0.240331609733403
933	46.65	-0.00948032434098423	-0.240331609733403
934	46.7	-0.00819065235555172	-0.241621281718835
935	46.75	-0.00819065235555172	-0.241621281718835
936	46.8	-0.00948032434098423	-0.242910953704268
937	46.85	-0.00819065235555172	-0.242910953704268
938	46.9	-0.00819065235555172	-0.2442006256897
939	46.95	-0.00819065235555172	-0.245490297675133
940	47	-0.00819065235555172	-0.245490297675133
941	47.05	-0.00819065235555172	-0.246779969660565
942	47.1	-0.00819065235555172	-0.246779969660565
943	47.15	-0.00819065235555172	-0.248069641645998
944	47.2	-0.00819065235555172	-0.24935931363143
945	47.25	-0.00819065235555172	-0.24935931363143
946	47.3	-0.00819065235555172	-0.250648985616863
947	47.35	-0.00819065235555172	-0.251938657602295
948	47.4	-0.00819065235555172	-0.253228329587728
949	47.45	-0.00819065235555172	-0.253228329587728
950	47.5	-0.00819065235555172	-0.25451800157316
951	47.55	-0.00690098037011921	-0.255807673558593
952	47.6	-0.00819065235555172	-0.257097345544025
953	47.65	-0.00690098037011921	-0.258387017529458
954	47.7	-0.00690098037011921	-0.258387017529458
955	47.75	-0.00690098037011921	-0.25967668951489
956	47.8	-0.00819065235555172	-0.25967668951489
957	47.85	-0.00690098037011921	-0.260966361500323
958	47.9	-0.00690098037011921	-0.262256033485755
959	47.95	-0.00690098037011921	-0.262256033485755
960	48	-0.00690098037011921	-0.263545705471188
961	48.05	-0.00690098037011921	-0.263545705471188
962	48.1	-0.00690098037011921	-0.26483537745662
963	48.15	-0.00690098037011921	-0.266125049442053
964	48.2	-0.00819065235555172	-0.267414721427485
965	48.25	-0.00690098037011921	-0.267414721427485
966	48.3	-0.00690098037011921	-0.268704393412918
967	48.35	-0.00561130838468671	-0.268704393412918
968	48.4	-0.00561130838468671	-0.26999406539835
969	48.45	-0.00690098037011921	-0.271283737383783
970	48.5	-0.00561130838468671	-0.271283737383783
971	48.55	-0.00690098037011921	-0.272573409369215
972	48.6	-0.00561130838468671	-0.272573409369215
973	48.65	-0.00561130838468671	-0.272573409369215
974	48.7	-0.00561130838468671	-0.27515275334008
975	48.75	-0.0043216363992542	-0.27515275334008
976	48.8	-0.00561130838468671	-0.27515275334008
977	48.85	-0.0043216363992542	-0.276442425325513
978	48.9	-0.00561130838468671	-0.277732097310945
979	48.95	-0.00561130838468671	-0.279021769296378
980	49	-0.0043216363992542	-0.279021769296378
981	49.05	-0.0043216363992542	-0.28031144128181
982	49.1	-0.0043216363992542	-0.281601113267243
983	49.15	-0.0043216363992542	-0.281601113267243
984	49.2	-0.0043216363992542	-0.281601113267243
985	49.25	-0.0043216363992542	-0.282890785252675
986	49.3	-0.0043216363992542	-0.284180457238108
987	49.35	-0.0043216363992542	-0.282890785252675
988	49.4	-0.0043216363992542	-0.28547012922354
989	49.45	-0.0043216363992542	-0.28547012922354
990	49.5	-0.0043216363992542	-0.286759801208973
991	49.55	-0.0043216363992542	-0.286759801208973
992	49.6	-0.0043216363992542	-0.288049473194405
993	49.65	-0.0030319644138217	-0.288049473194405
994	49.7	-0.0030319644138217	-0.289339145179838
995	49.75	-0.0030319644138217	-0.289339145179838
996	49.8	-0.0030319644138217	-0.29062881716527
997	49.85	-0.0030319644138217	-0.291918489150703
998	49.9	-0.0030319644138217	-0.291918489150703
999	49.95	-0.0030319644138217	-0.293208161136135
1000	50	-0.0030319644138217	-0.294497833121568
1001	50.05	-0.0030319644138217	-0.294497833121568
1002	50.1	-0.00174229242838919	-0.295787505107
1003	50.15	-0.00174229242838919	-0.297077177092433
1004	50.2	-0.00174229242838919	-0.297077177092433
1005	50.25	-0.00174229242838919	-0.298366849077865
1006	50.3	-0.0030319644138217	-0.298366849077865
1007	50.35	-0.0030319644138217	-0.299656521063298
1008	50.4	-0.0030319644138217	-0.299656521063298
1009	50.45	-0.00174229242838919	-0.30094619304873
1010	50.5	-0.00174229242838919	-0.302235865034163
1011	50.55	-0.00174229242838919	-0.302235865034163
1012	50.6	-0.00174229242838919	-0.303525537019596
1013	50.65	-0.00174229242838919	-0.303525537019596
1014	50.7	-0.00174229242838919	-0.304815209005028
1015	50.75	-0.00174229242838919	-0.304815209005028
1016	50.8	-0.00174229242838919	-0.304815209005028
1017	50.85	-0.00174229242838919	-0.306104880990461
1018	50.9	-0.00174229242838919	-0.306104880990461
1019	50.95	-0.00174229242838919	-0.307394552975893
1020	51	-0.00174229242838919	-0.307394552975893
1021	51.05	-0.00174229242838919	-0.307394552975893
1022	51.1	-0.00174229242838919	-0.308684224961326
1023	51.15	-0.00174229242838919	-0.308684224961326
1024	51.2	-0.00174229242838919	-0.309973896946758
1025	51.25	-0.00174229242838919	-0.309973896946758
1026	51.3	-0.00174229242838919	-0.309973896946758
1027	51.35	-0.000452620442956686	-0.311263568932191
1028	51.4	-0.00174229242838919	-0.312553240917623
1029	51.45	-0.00174229242838919	-0.312553240917623
1030	51.5	-0.00174229242838919	-0.313842912903056
1031	51.55	-0.00174229242838919	-0.313842912903056
1032	51.6	-0.000452620442956686	-0.315132584888488
1033	51.65	-0.000452620442956686	-0.315132584888488
1034	51.7	-0.00174229242838919	-0.316422256873921
1035	51.75	-0.00174229242838919	-0.316422256873921
1036	51.8	-0.00174229242838919	-0.317711928859353
1037	51.85	-0.00174229242838919	-0.317711928859353
1038	51.9	-0.00174229242838919	-0.319001600844786
1039	51.95	-0.00174229242838919	-0.319001600844786
1040	52	-0.00174229242838919	-0.320291272830218
1041	52.05	-0.000452620442956686	-0.320291272830218
1042	52.1	-0.00174229242838919	-0.321580944815651
1043	52.15	-0.00174229242838919	-0.321580944815651
1044	52.2	-0.000452620442956686	-0.322870616801083
1045	52.25	-0.000452620442956686	-0.322870616801083
1046	52.3	-0.00174229242838919	-0.324160288786516
1047	52.35	-0.00174229242838919	-0.325449960771948
1048	52.4	-0.00174229242838919	-0.326739632757381
1049	52.45	-0.00174229242838919	-0.326739632757381
1050	52.5	-0.00174229242838919	-0.328029304742813
1051	52.55	-0.00174229242838919	-0.328029304742813
1052	52.6	-0.000452620442956686	-0.329318976728246
1053	52.65	-0.00174229242838919	-0.329318976728246
1054	52.7	-0.00174229242838919	-0.329318976728246
1055	52.75	-0.00174229242838919	-0.330608648713678
1056	52.8	-0.00174229242838919	-0.330608648713678
1057	52.85	-0.00174229242838919	-0.331898320699111
1058	52.9	-0.00174229242838919	-0.333187992684543
1059	52.95	-0.00174229242838919	-0.333187992684543
1060	53	-0.000452620442956686	-0.334477664669976
1061	53.05	-0.00174229242838919	-0.334477664669976
1062	53.1	-0.00174229242838919	-0.335767336655408
1063	53.15	-0.00174229242838919	-0.335767336655408
1064	53.2	-0.00174229242838919	-0.337057008640841
1065	53.25	-0.00174229242838919	-0.337057008640841
1066	53.3	-0.00174229242838919	-0.337057008640841
1067	53.35	-0.00174229242838919	-0.338346680626273
1068	53.4	-0.00174229242838919	-0.339636352611706
1069	53.45	-0.0030319644138217	-0.339636352611706
1070	53.5	-0.00174229242838919	-0.339636352611706
1071	53.55	-0.00174229242838919	-0.340926024597138
1072	53.6	-0.00174229242838919	-0.340926024597138
1073	53.65	-0.00174229242838919	-0.342215696582571
1074	53.7	-0.000452620442956686	-0.342215696582571
1075	53.75	-0.0030319644138217	-0.343505368568003
1076	53.8	-0.00174229242838919	-0.343505368568003
1077	53.85	-0.00174229242838919	-0.343505368568003
1078	53.9	-0.00174229242838919	-0.344795040553436
1079	53.95	-0.00174229242838919	-0.343505368568003
1080	54	-0.00174229242838919	-0.344795040553436
1081	54.05	-0.0030319644138217	-0.346084712538868
1082	54.1	-0.00174229242838919	-0.346084712538868
1083	54.15	-0.00174229242838919	-0.346084712538868
1084	54.2	-0.00174229242838919	-0.346084712538868
1085	54.25	-0.0030319644138217	-0.348664056509733
1086	54.3	-0.00174229242838919	-0.348664056509733
1087	54.35	-0.0030319644138217	-0.348664056509733
1088	54.4	-0.0030319644138217	-0.349953728495166
1089	54.45	-0.0030319644138217	-0.349953728495166
1090	54.5	-0.0030319644138217	-0.349953728495166
1091	54.55	-0.00174229242838919	-0.351243400480598
1092	54.6	-0.0030319644138217	-0.351243400480598
1093	54.65	-0.0030319644138217	-0.352533072466031
1094	54.7	-0.0030319644138217	-0.353822744451463
1095	54.75	-0.0030319644138217	-0.353822744451463
1096	54.8	-0.0030319644138217	-0.353822744451463
1097	54.85	-0.0030319644138217	-0.353822744451463
1098	54.9	-0.0030319644138217	-0.355112416436896
1099	54.95	-0.0030319644138217	-0.355112416436896
1100	55	-0.0030319644138217	-0.356402088422328
1101	55.05	-0.0030319644138217	-0.356402088422328
1102	55.1	-0.0030319644138217	-0.356402088422328
1103	55.15	-0.0030319644138217	-0.357691760407761
1104	55.2	-0.0030319644138217	-0.357691760407761
1105	55.25	-0.0030319644138217	-0.358981432393193
1106	55.3	-0.0030319644138217	-0.358981432393193
1107	55.35	-0.0030319644138217	-0.358981432393193
1108	55.4	-0.0043216363992542	-0.360271104378626
1109	55.45	-0.0043216363992542	-0.360271104378626
1110	55.5	-0.0043216363992542	-0.360271104378626
1111	55.55	-0.0043216363992542	-0.361560776364058
1112	55.6	-0.0030319644138217	-0.362850448349491
1113	55.65	-0.0030319644138217	-0.361560776364058
1114	55.7	-0.0030319644138217	-0.364140120334923
1115	55.75	-0.0030319644138217	-0.364140120334923
1116	55.8	-0.0030319644138217	-0.365429792320356
1117	55.85	-0.0043216363992542	-0.365429792320356
1118	55.9	-0.0043216363992542	-0.366719464305788
1119	55.95	-0.0043216363992542	-0.366719464305788
1120	56	-0.0043216363992542	-0.368009136291221
1121	56.05	-0.0043216363992542	-0.368009136291221
1122	56.1	-0.0043216363992542	-0.369298808276653
1123	56.15	-0.0043216363992542	-0.369298808276653
1124	56.2	-0.0030319644138217	-0.370588480262086
1125	56.25	-0.0030319644138217	-0.370588480262086
1126	56.3	-0.0043216363992542	-0.370588480262086
1127	56.35	-0.0043216363992542	-0.371878152247518
1128	56.4	-0.0030319644138217	-0.371878152247518
1129	56.45	-0.0043216363992542	-0.373167824232951
1130	56.5	-0.0043216363992542	-0.373167824232951
1131	56.55	-0.0043216363992542	-0.374457496218383
1132	56.6	-0.0043216363992542	-0.374457496218383
1133	56.65	-0.0043216363992542	-0.375747168203816
1134	56.7	-0.0043216363992542	-0.375747168203816
1135	56.75	-0.0043216363992542	-0.377036840189248
1136	56.8	-0.0043216363992542	-0.377036840189248
1137	56.85	-0.0043216363992542	-0.378326512174681
1138	56.9	-0.0043216363992542	-0.378326512174681
1139	56.95	-0.0043216363992542	-0.379616184160113
1140	57	-0.0043216363992542	-0.379616184160113
1141	57.05	-0.0043216363992542	-0.380905856145546
1142	57.1	-0.0030319644138217	-0.380905856145546
1143	57.15	-0.0043216363992542	-0.382195528130978
1144	57.2	-0.0043216363992542	-0.383485200116411
1145	57.25	-0.0043216363992542	-0.383485200116411
1146	57.3	-0.0043216363992542	-0.384774872101843
1147	57.35	-0.0043216363992542	-0.384774872101843
1148	57.4	-0.0043216363992542	-0.386064544087276
1149	57.45	-0.0043216363992542	-0.386064544087276
1150	57.5	-0.0043216363992542	-0.387354216072708
1151	57.55	-0.0043216363992542	-0.387354216072708
1152	57.6	-0.0043216363992542	-0.389933560043573
1153	57.65	-0.0043216363992542	-0.389933560043573
1154	57.7	-0.0043216363992542	-0.389933560043573
1155	57.75	-0.0043216363992542	-0.391223232029006
1156	57.8	-0.0043216363992542	-0.391223232029006
1157	57.85	-0.0043216363992542	-0.392512904014438
1158	57.9	-0.0043216363992542	-0.393802575999871
1159	57.95	-0.0043216363992542	-0.395092247985303
1160	58	-0.0043216363992542	-0.395092247985303
1161	58.05	-0.0043216363992542	-0.395092247985303
1162	58.1	-0.0043216363992542	-0.396381919970736
1163	58.15	-0.0043216363992542	-0.397671591956168
1164	58.2	-0.0043216363992542	-0.397671591956168
1165	58.25	-0.0030319644138217	-0.398961263941601
1166	58.3	-0.0043216363992542	-0.398961263941601
1167	58.35	-0.0043216363992542	-0.398961263941601
1168	58.4	-0.0043216363992542	-0.400250935927033
1169	58.45	-0.0030319644138217	-0.400250935927033
1170	58.5	-0.0030319644138217	-0.400250935927033
1171	58.55	-0.0030319644138217	-0.401540607912466
1172	58.6	-0.0043216363992542	-0.401540607912466
1173	58.65	-0.0030319644138217	-0.402830279897898
1174	58.7	-0.0030319644138217	-0.402830279897898
1175	58.75	-0.0030319644138217	-0.404119951883331
1176	58.8	-0.0030319644138217	-0.405409623868763
1177	58.85	-0.0030319644138217	-0.406699295854196
1178	58.9	-0.0030319644138217	-0.406699295854196
1179	58.95	-0.0030319644138217	-0.406699295854196
1180	59	-0.0043216363992542	-0.407988967839628
1181	59.05	-0.0030319644138217	-0.409278639825061
1182	59.1	-0.0030319644138217	-0.409278639825061
1183	59.15	-0.0043216363992542	-0.410568311810493
1184	59.2	-0.0030319644138217	-0.411857983795926
1185	59.25	-0.0030319644138217	-0.411857983795926
1186	59.3	-0.0030319644138217	-0.413147655781358
1187	59.35	-0.00174229242838919	-0.414437327766791
1188	59.4	-0.0030319644138217	-0.414437327766791
1189	59.45	-0.0030319644138217	-0.417016671737656
1190	59.5	-0.0030319644138217	-0.417016671737656
1191	59.55	-0.0030319644138217	-0.418306343723089
1192	59.6	-0.0030319644138217	-0.418306343723089
1193	59.65	-0.0030319644138217	-0.419596015708521
1194	59.7	-0.00174229242838919	-0.420885687693954
1195	59.75	-0.0030319644138217	-0.420885687693954
1196	59.8	-0.0030319644138217	-0.422175359679386
1197	59.85	-0.0030319644138217	-0.422175359679386
1198	59.9	-0.00174229242838919	-0.423465031664819
1199	59.95	-0.00174229242838919	-0.423465031664819
1200	60	-0.00174229242838919	-0.424754703650251
1201	60.05	-0.0030319644138217	-0.424754703650251
1202	60.1	-0.00174229242838919	-0.426044375635684
1203	60.15	-0.00174229242838919	-0.427334047621116
1204	60.2	-0.00174229242838919	-0.428623719606549
1205	60.25	-0.00174229242838919	-0.428623719606549
1206	60.3	-0.00174229242838919	-0.429913391591981
1207	60.35	-0.0030319644138217	-0.429913391591981
1208	60.4	-0.00174229242838919	-0.431203063577414
1209	60.45	-0.00174229242838919	-0.431203063577414
1210	60.5	-0.00174229242838919	-0.433782407548279
1211	60.55	-0.00174229242838919	-0.433782407548279
1212	60.6	-0.00174229242838919	-0.435072079533711
1213	60.65	-0.00174229242838919	-0.435072079533711
1214	60.7	-0.00174229242838919	-0.436361751519144
1215	60.75	-0.00174229242838919	-0.437651423504576
1216	60.8	-0.00174229242838919	-0.437651423504576
1217	60.85	-0.000452620442956686	-0.438941095490009
1218	60.9	-0.00174229242838919	-0.438941095490009
1219	60.95	-0.00174229242838919	-0.440230767475441
1220	61	-0.00174229242838919	-0.442810111446306
1221	61.05	-0.00174229242838919	-0.442810111446306
1222	61.1	-0.00174229242838919	-0.442810111446306
1223	61.15	-0.000452620442956686	-0.445389455417171
1224	61.2	-0.00174229242838919	-0.445389455417171
1225	61.25	-0.000452620442956686	-0.446679127402604
1226	61.3	-0.000452620442956686	-0.446679127402604
1227	61.35	-0.000452620442956686	-0.447968799388036
1228	61.4	-0.000452620442956686	-0.449258471373469
1229	61.45	-0.000452620442956686	-0.450548143358901
1230	61.5	-0.00174229242838919	-0.450548143358901
1231	61.55	-0.000452620442956686	-0.453127487329766
1232	61.6	-0.000452620442956686	-0.453127487329766
1233	61.65	-0.00174229242838919	-0.453127487329766
1234	61.7	-0.00174229242838919	-0.455706831300631
1235	61.75	-0.000452620442956686	-0.455706831300631
1236	61.8	-0.00174229242838919	-0.456996503286064
1237	61.85	-0.00174229242838919	-0.458286175271496
1238	61.9	-0.00174229242838919	-0.458286175271496
1239	61.95	-0.00174229242838919	-0.459575847256929
1240	62	-0.000452620442956686	-0.459575847256929
1241	62.05	-0.000452620442956686	-0.460865519242361
1242	62.1	-0.00174229242838919	-0.460865519242361
1243	62.15	-0.000452620442956686	-0.460865519242361
1244	62.2	-0.000452620442956686	-0.463444863213226
1245	62.25	-0.000452620442956686	-0.463444863213226
1246	62.3	-0.000452620442956686	-0.464734535198659
1247	62.35	-0.000452620442956686	-0.466024207184091
1248	62.4	-0.00174229242838919	-0.466024207184091
1249	62.45	-0.000452620442956686	-0.467313879169524
1250	62.5	-0.00174229242838919	-0.468603551154956
1251	62.55	-0.00174229242838919	-0.468603551154956
1252	62.6	-0.00174229242838919	-0.469893223140389
1253	62.65	-0.00174229242838919	-0.471182895125821
1254	62.7	-0.00174229242838919	-0.472472567111254
1255	62.75	-0.00174229242838919	-0.472472567111254
1256	62.8	-0.00174229242838919	-0.473762239096686
1257	62.85	-0.00174229242838919	-0.473762239096686
1258	62.9	-0.00174229242838919	-0.475051911082119
1259	62.95	-0.00174229242838919	-0.476341583067551
1260	63	-0.00174229242838919	-0.476341583067551
1261	63.05	-0.00174229242838919	-0.477631255052984
1262	63.1	-0.00174229242838919	-0.478920927038416
1263	63.15	-0.00174229242838919	-0.480210599023849
1264	63.2	-0.00174229242838919	-0.480210599023849
1265	63.25	-0.00174229242838919	-0.480210599023849
1266	63.3	-0.00174229242838919	-0.481500271009281
1267	63.35	-0.00174229242838919	-0.481500271009281
1268	63.4	-0.00174229242838919	-0.482789942994714
1269	63.45	-0.00174229242838919	-0.484079614980146
1270	63.5	-0.00174229242838919	-0.484079614980146
1271	63.55	-0.00174229242838919	-0.485369286965579
1272	63.6	-0.0030319644138217	-0.486658958951011
1273	63.65	-0.00174229242838919	-0.486658958951011
1274	63.7	-0.00174229242838919	-0.487948630936444
1275	63.75	-0.00174229242838919	-0.489238302921876
1276	63.8	-0.00174229242838919	-0.489238302921876
1277	63.85	-0.00174229242838919	-0.490527974907309
1278	63.9	-0.00174229242838919	-0.490527974907309
1279	63.95	-0.00174229242838919	-0.491817646892741
1280	64	-0.00174229242838919	-0.493107318878174
1281	64.05	-0.0030319644138217	-0.493107318878174
1282	64.1	-0.00174229242838919	-0.494396990863606
1283	64.15	-0.00174229242838919	-0.494396990863606
1284	64.2	-0.00174229242838919	-0.495686662849039
1285	64.25	-0.0030319644138217	-0.496976334834471
1286	64.3	-0.0030319644138217	-0.498266006819904
1287	64.35	-0.00174229242838919	-0.498266006819904
1288	64.4	-0.0030319644138217	-0.498266006819904
1289	64.45	-0.0030319644138217	-0.499555678805336
1290	64.5	-0.0030319644138217	-0.500845350790769
1291	64.55	-0.0030319644138217	-0.502135022776201
1292	64.6	-0.0030319644138217	-0.503424694761634
1293	64.65	-0.0030319644138217	-0.503424694761634
1294	64.7	-0.0030319644138217	-0.503424694761634
1295	64.75	-0.0030319644138217	-0.506004038732499
1296	64.8	-0.0030319644138217	-0.506004038732499
1297	64.85	-0.0030319644138217	-0.507293710717931
1298	64.9	-0.0030319644138217	-0.507293710717931
1299	64.95	-0.0030319644138217	-0.508583382703364
1300	65	-0.00174229242838919	-0.509873054688796
1301	65.05	-0.0030319644138217	-0.509873054688796
1302	65.1	-0.00174229242838919	-0.509873054688796
1303	65.15	-0.0030319644138217	-0.509873054688796
1304	65.2	-0.0030319644138217	-0.512452398659661
1305	65.25	-0.0030319644138217	-0.512452398659661
1306	65.3	-0.0030319644138217	-0.512452398659661
1307	65.35	-0.0030319644138217	-0.513742070645094
1308	65.4	-0.0030319644138217	-0.515031742630526
1309	65.45	-0.0030319644138217	-0.513742070645094
1310	65.5	-0.0030319644138217	-0.516321414615959
1311	65.55	-0.0030319644138217	-0.516321414615959
1312	65.6	-0.00174229242838919	-0.516321414615959
1313	65.65	-0.0030319644138217	-0.517611086601391
