Number of measurement points: 1148
Sample Rate (Hz): 40
Low limit Ch0 (V): -10
Upper limit Ch0 (V): 10
Low limit Ch1 (V): -10
Upper limit Ch1 (V): 10

Index	Time[s]	Ch0[V]	Ch1[V]
0	0	-10.5783422449604	-0.0455911399330944
1	0.025	-10.5783422449604	-0.0443014679476619
2	0.05	-10.5783422449604	-0.0455911399330944
3	0.075	-10.5783422449604	-0.0443014679476619
4	0.1	-10.5783422449604	-0.0455911399330944
5	0.125	-10.5783422449604	-0.0455911399330944
6	0.15	-10.5783422449604	-0.0443014679476619
7	0.175	-10.5783422449604	-0.0455911399330944
8	0.2	-10.5783422449604	-0.0455911399330944
9	0.225	-10.5783422449604	-0.0455911399330944
10	0.25	-10.5783422449604	-0.0455911399330944
11	0.275	-10.5783422449604	-0.0455911399330944
12	0.3	-10.5783422449604	-0.0455911399330944
13	0.325	-10.5783422449604	-0.0455911399330944
14	0.35	-10.5783422449604	-0.0455911399330944
15	0.375	-10.5783422449604	-0.0455911399330944
16	0.4	-10.5783422449604	-0.0455911399330944
17	0.425	-10.5783422449604	-0.0455911399330944
18	0.45	-10.5783422449604	-0.0455911399330944
19	0.475	-10.5783422449604	-0.0455911399330944
20	0.5	-10.5783422449604	-0.0455911399330944
21	0.525	-10.5783422449604	-0.0455911399330944
22	0.55	-10.5783422449604	-0.0455911399330944
23	0.575	-10.5783422449604	-0.0455911399330944
24	0.6	-10.5783422449604	-0.0455911399330944
25	0.625	-10.5783422449604	-0.0455911399330944
26	0.65	-10.5783422449604	-0.0455911399330944
27	0.675	-10.5783422449604	-0.0455911399330944
28	0.7	-10.5783422449604	-0.0455911399330944
29	0.725	-10.5783422449604	-0.0455911399330944
30	0.75	-10.5783422449604	-0.0455911399330944
31	0.775	-10.5783422449604	-0.0455911399330944
32	0.8	-10.5783422449604	-0.0455911399330944
33	0.825	-10.5783422449604	-0.0455911399330944
34	0.85	-10.5783422449604	-0.0455911399330944
35	0.875	-10.5783422449604	-0.0455911399330944
36	0.9	-10.5783422449604	-0.0455911399330944
37	0.925	-10.5783422449604	-0.0455911399330944
38	0.95	-10.5783422449604	-0.0455911399330944
39	0.975	-10.5783422449604	-0.0455911399330944
40	1	-10.5783422449604	-0.0455911399330944
41	1.025	-10.5783422449604	-0.0455911399330944
42	1.05	-10.5783422449604	-0.0443014679476619
43	1.075	-10.5783422449604	-0.0455911399330944
44	1.1	-10.5783422449604	-0.0455911399330944
45	1.125	-10.5783422449604	-0.0455911399330944
46	1.15	-10.5783422449604	-0.0455911399330944
47	1.175	-10.5783422449604	-0.0455911399330944
48	1.2	-10.5783422449604	-0.0443014679476619
49	1.225	-10.5783422449604	-0.0455911399330944
50	1.25	-10.5783422449604	-0.0455911399330944
51	1.275	-10.5783422449604	-0.0455911399330944
52	1.3	-10.5783422449604	-0.0455911399330944
53	1.325	-10.5783422449604	-0.0455911399330944
54	1.35	-10.5783422449604	-0.0455911399330944
55	1.375	-10.5783422449604	-0.0455911399330944
56	1.4	-10.5783422449604	-0.0443014679476619
57	1.425	-10.5783422449604	-0.0443014679476619
58	1.45	-10.5783422449604	-0.0455911399330944
59	1.475	-10.5783422449604	-0.0455911399330944
60	1.5	-10.5783422449604	-0.0455911399330944
61	1.525	-10.5783422449604	-0.0455911399330944
62	1.55	-10.5783422449604	-0.0455911399330944
63	1.575	-10.5783422449604	-0.0443014679476619
64	1.6	-10.5783422449604	-0.0443014679476619
65	1.625	-10.5783422449604	-0.0455911399330944
66	1.65	-10.5783422449604	-0.0455911399330944
67	1.675	-10.5783422449604	-0.0455911399330944
68	1.7	-10.5783422449604	-0.0455911399330944
69	1.725	-10.5783422449604	-0.0455911399330944
70	1.75	-10.5783422449604	-0.0455911399330944
71	1.775	-10.5783422449604	-0.0455911399330944
72	1.8	-10.5783422449604	-0.0455911399330944
73	1.825	-10.5783422449604	-0.0455911399330944
74	1.85	-10.5783422449604	-0.0455911399330944
75	1.875	-10.5783422449604	-0.0455911399330944
76	1.9	-10.5783422449604	-0.0455911399330944
77	1.925	-10.5783422449604	-0.0455911399330944
78	1.95	-10.5783422449604	-0.0455911399330944
79	1.975	-10.5783422449604	-0.0455911399330944
80	2	-10.5783422449604	-0.0455911399330944
81	2.025	-10.5783422449604	-0.0455911399330944
82	2.05	-10.5783422449604	-0.0455911399330944
83	2.075	-10.5783422449604	-0.0455911399330944
84	2.1	-10.5783422449604	-0.0455911399330944
85	2.125	-10.5783422449604	-0.0455911399330944
86	2.15	-10.5783422449604	-0.0455911399330944
87	2.175	-10.5783422449604	-0.0455911399330944
88	2.2	-10.5783422449604	-0.0455911399330944
89	2.225	-10.5783422449604	-0.0455911399330944
90	2.25	-10.5783422449604	-0.0455911399330944
91	2.275	-10.5783422449604	-0.0455911399330944
92	2.3	-10.5783422449604	-0.0455911399330944
93	2.325	-10.5783422449604	-0.0455911399330944
94	2.35	-10.5783422449604	-0.0455911399330944
95	2.375	-10.5783422449604	-0.0455911399330944
96	2.4	-10.5783422449604	-0.0443014679476619
97	2.425	-10.5783422449604	-0.0443014679476619
98	2.45	-10.5783422449604	-0.0455911399330944
99	2.475	-10.5783422449604	-0.0455911399330944
100	2.5	-10.5783422449604	-0.0455911399330944
101	2.525	-10.5783422449604	-0.0443014679476619
102	2.55	-10.5783422449604	-0.0443014679476619
103	2.575	-10.5783422449604	-0.0455911399330944
104	2.6	-10.5783422449604	-0.0455911399330944
105	2.625	-10.5783422449604	-0.0455911399330944
106	2.65	-10.5783422449604	-0.0455911399330944
107	2.675	-10.5783422449604	-0.0455911399330944
108	2.7	-10.5783422449604	-0.0455911399330944
109	2.725	-10.5783422449604	-0.0455911399330944
110	2.75	-10.5783422449604	-0.0455911399330944
111	2.775	-10.5783422449604	-0.0443014679476619
112	2.8	-10.5783422449604	-0.0455911399330944
113	2.825	-10.5783422449604	-0.0455911399330944
114	2.85	-10.5783422449604	-0.0443014679476619
115	2.875	-10.5783422449604	-0.0455911399330944
116	2.9	-10.5783422449604	-0.0455911399330944
117	2.925	-10.5783422449604	-0.0443014679476619
118	2.95	-10.5783422449604	-0.0455911399330944
119	2.975	-10.5783422449604	-0.0455911399330944
120	3	-10.5783422449604	-0.0455911399330944
121	3.025	-10.5783422449604	-0.0455911399330944
122	3.05	-10.5783422449604	-0.0455911399330944
123	3.075	-10.5783422449604	-0.0443014679476619
124	3.1	-10.5783422449604	-0.0455911399330944
125	3.125	-10.5783422449604	-0.0455911399330944
126	3.15	-10.5783422449604	-0.0455911399330944
127	3.175	-10.5783422449604	-0.0455911399330944
128	3.2	-10.5783422449604	-0.0455911399330944
129	3.225	-10.5783422449604	-0.0455911399330944
130	3.25	-10.5783422449604	-0.0455911399330944
131	3.275	-10.5783422449604	-0.0455911399330944
132	3.3	-10.5783422449604	-0.0455911399330944
133	3.325	-10.5783422449604	-0.0443014679476619
134	3.35	-10.5783422449604	-0.0455911399330944
135	3.375	-10.5783422449604	-0.0455911399330944
136	3.4	-10.5783422449604	-0.0455911399330944
137	3.425	-10.5783422449604	-0.0443014679476619
138	3.45	-10.5783422449604	-0.0455911399330944
139	3.475	-10.5783422449604	-0.0443014679476619
140	3.5	-10.5783422449604	-0.0455911399330944
141	3.525	-10.5783422449604	-0.0455911399330944
142	3.55	-10.5783422449604	-0.0455911399330944
143	3.575	-10.5783422449604	-0.0455911399330944
144	3.6	-10.5783422449604	-0.0455911399330944
145	3.625	-10.5783422449604	-0.0455911399330944
146	3.65	-10.5783422449604	-0.0443014679476619
147	3.675	-10.5783422449604	-0.0455911399330944
148	3.7	-10.5783422449604	-0.0455911399330944
149	3.725	-10.5783422449604	-0.0455911399330944
150	3.75	-10.5783422449604	-0.0455911399330944
151	3.775	-10.5783422449604	-0.0455911399330944
152	3.8	-10.5783422449604	-0.0455911399330944
153	3.825	-10.5783422449604	-0.0455911399330944
154	3.85	-10.5783422449604	-0.0455911399330944
155	3.875	-10.5783422449604	-0.0455911399330944
156	3.9	-10.5783422449604	-0.0455911399330944
157	3.925	-10.5783422449604	-0.0455911399330944
158	3.95	-10.5783422449604	-0.0455911399330944
159	3.975	-10.5783422449604	-0.0455911399330944
160	4	-10.5783422449604	-0.0455911399330944
161	4.025	-10.5783422449604	-0.0455911399330944
162	4.05	-10.5783422449604	-0.0455911399330944
163	4.075	-10.5783422449604	-0.0455911399330944
164	4.1	-10.5783422449604	-0.0455911399330944
165	4.125	-10.5783422449604	-0.0455911399330944
166	4.15	-10.5783422449604	-0.0455911399330944
167	4.175	-10.5783422449604	-0.0455911399330944
168	4.2	-10.5783422449604	-0.0455911399330944
169	4.225	-10.5783422449604	-0.0455911399330944
170	4.25	-10.5783422449604	-0.0455911399330944
171	4.275	-10.5783422449604	-0.0455911399330944
172	4.3	-10.5783422449604	-0.0455911399330944
173	4.325	-10.5783422449604	-0.0455911399330944
174	4.35	-10.5783422449604	-0.0455911399330944
175	4.375	-10.5783422449604	-0.0455911399330944
176	4.4	-10.5783422449604	-0.0455911399330944
177	4.425	-10.5783422449604	-0.0455911399330944
178	4.45	-10.5783422449604	-0.0455911399330944
179	4.475	-10.5783422449604	-0.0455911399330944
180	4.5	-10.5783422449604	-0.0455911399330944
181	4.525	-10.5783422449604	-0.0455911399330944
182	4.55	-10.5783422449604	-0.0455911399330944
183	4.575	-10.5783422449604	-0.0443014679476619
184	4.6	-10.5783422449604	-0.0455911399330944
185	4.625	-10.5783422449604	-0.0455911399330944
186	4.65	-10.5783422449604	-0.0455911399330944
187	4.675	-10.5783422449604	-0.0455911399330944
188	4.7	-10.5783422449604	-0.0455911399330944
189	4.725	-10.5783422449604	-0.0455911399330944
190	4.75	-10.5783422449604	-0.0455911399330944
191	4.775	-10.5783422449604	-0.0443014679476619
192	4.8	-10.5783422449604	-0.0455911399330944
193	4.825	-10.5783422449604	-0.0455911399330944
194	4.85	-10.5783422449604	-0.0443014679476619
195	4.875	-10.5783422449604	-0.0443014679476619
196	4.9	-10.5783422449604	-0.0443014679476619
197	4.925	-10.5783422449604	-0.0455911399330944
198	4.95	-10.5783422449604	-0.0455911399330944
199	4.975	-10.5783422449604	-0.0455911399330944
200	5	-10.5783422449604	-0.0455911399330944
201	5.025	-10.5783422449604	-0.0443014679476619
202	5.05	-10.5783422449604	-0.0443014679476619
203	5.075	-10.5783422449604	-0.0455911399330944
204	5.1	-10.5783422449604	-0.0443014679476619
205	5.125	-10.5783422449604	-0.0455911399330944
206	5.15	-10.5783422449604	-0.0455911399330944
207	5.175	-10.5783422449604	-0.0455911399330944
208	5.2	-10.5783422449604	-0.0455911399330944
209	5.225	-10.5783422449604	-0.0455911399330944
210	5.25	-10.5783422449604	-0.0455911399330944
211	5.275	-10.5783422449604	-0.0455911399330944
212	5.3	-10.5783422449604	-0.0443014679476619
213	5.325	-10.5783422449604	-0.0455911399330944
214	5.35	-10.5783422449604	-0.0455911399330944
215	5.375	-10.5783422449604	-0.0443014679476619
216	5.4	-10.5783422449604	-0.0455911399330944
217	5.425	-10.5783422449604	-0.0455911399330944
218	5.45	-10.5783422449604	-0.0455911399330944
219	5.475	-10.5783422449604	-0.0455911399330944
220	5.5	-10.5783422449604	-0.0455911399330944
221	5.525	-10.5783422449604	-0.0455911399330944
222	5.55	-10.5783422449604	-0.0455911399330944
223	5.575	-10.5783422449604	-0.0455911399330944
224	5.6	-10.5783422449604	-0.0443014679476619
225	5.625	-10.5783422449604	-0.0455911399330944
226	5.65	-10.5783422449604	-0.0455911399330944
227	5.675	-10.5783422449604	-0.0455911399330944
228	5.7	-10.5783422449604	-0.0443014679476619
229	5.725	-10.5783422449604	-0.0455911399330944
230	5.75	-10.5783422449604	-0.0455911399330944
231	5.775	-10.5783422449604	-0.0455911399330944
232	5.8	-10.5783422449604	-0.0455911399330944
233	5.825	-10.5783422449604	-0.0455911399330944
234	5.85	-10.5783422449604	-0.0455911399330944
235	5.875	-10.5783422449604	-0.0443014679476619
236	5.9	-10.5783422449604	-0.0443014679476619
237	5.925	-10.5783422449604	-0.0455911399330944
238	5.95	-10.5783422449604	-0.0455911399330944
239	5.975	-10.5783422449604	-0.0455911399330944
240	6	-10.5783422449604	-0.0455911399330944
241	6.025	-10.5783422449604	-0.0455911399330944
242	6.05	-10.5783422449604	-0.0443014679476619
243	6.075	-10.5783422449604	-0.0455911399330944
244	6.1	-10.5783422449604	-0.0455911399330944
245	6.125	-10.5783422449604	-0.0455911399330944
246	6.15	-10.5783422449604	-0.0455911399330944
247	6.175	-10.5783422449604	-0.0455911399330944
248	6.2	-10.5783422449604	-0.0455911399330944
249	6.225	-10.5783422449604	-0.0455911399330944
250	6.25	-10.5783422449604	-0.0455911399330944
251	6.275	-10.5783422449604	-0.0455911399330944
252	6.3	-10.5783422449604	-0.0443014679476619
253	6.325	-10.5783422449604	-0.0455911399330944
254	6.35	-10.5783422449604	-0.0455911399330944
255	6.375	-10.5783422449604	-0.0443014679476619
256	6.4	-10.5783422449604	-0.0455911399330944
257	6.425	-10.5783422449604	-0.0455911399330944
258	6.45	-10.5783422449604	-0.0455911399330944
259	6.475	-10.5783422449604	-0.0455911399330944
260	6.5	-10.5783422449604	-0.0455911399330944
261	6.525	-10.5783422449604	-0.0455911399330944
262	6.55	-10.5783422449604	-0.0455911399330944
263	6.575	-10.5783422449604	-0.0455911399330944
264	6.6	-10.5783422449604	-0.0455911399330944
265	6.625	-10.5783422449604	-0.0455911399330944
266	6.65	-10.5783422449604	-0.0455911399330944
267	6.675	-10.5783422449604	-0.0455911399330944
268	6.7	-10.5783422449604	-0.0443014679476619
269	6.725	-10.5783422449604	-0.0443014679476619
270	6.75	-10.5783422449604	-0.0455911399330944
271	6.775	-10.5783422449604	-0.0455911399330944
272	6.8	-10.5783422449604	-0.0455911399330944
273	6.825	-10.5783422449604	-0.0455911399330944
274	6.85	-10.5783422449604	-0.0455911399330944
275	6.875	-10.5783422449604	-0.0455911399330944
276	6.9	-10.5783422449604	-0.0455911399330944
277	6.925	-10.5783422449604	-0.0455911399330944
278	6.95	-10.5783422449604	-0.0455911399330944
279	6.975	-10.5783422449604	-0.0455911399330944
280	7	-10.5783422449604	-0.0455911399330944
281	7.025	-10.5783422449604	-0.0455911399330944
282	7.05	-10.5783422449604	-0.0455911399330944
283	7.075	-10.5783422449604	-0.0455911399330944
284	7.1	-10.5783422449604	-0.0443014679476619
285	7.125	-10.5783422449604	-0.0455911399330944
286	7.15	-10.5783422449604	-0.0455911399330944
287	7.175	-10.5783422449604	-0.0455911399330944
288	7.2	-10.5783422449604	-0.0455911399330944
289	7.225	-10.5783422449604	-0.0455911399330944
290	7.25	-10.5783422449604	-0.0455911399330944
291	7.275	-10.5783422449604	-0.0455911399330944
292	7.3	-10.5783422449604	-0.0455911399330944
293	7.325	-10.5783422449604	-0.0455911399330944
294	7.35	-10.5783422449604	-0.0455911399330944
295	7.375	-10.5783422449604	-0.0455911399330944
296	7.4	-10.5783422449604	-0.0455911399330944
297	7.425	-10.5783422449604	-0.0455911399330944
298	7.45	-10.5783422449604	-0.0455911399330944
299	7.475	-10.5783422449604	-0.0455911399330944
300	7.5	-10.5783422449604	-0.0455911399330944
301	7.525	-10.5783422449604	-0.0455911399330944
302	7.55	-10.5783422449604	-0.0455911399330944
303	7.575	-10.5783422449604	-0.0455911399330944
304	7.6	-10.5783422449604	-0.0455911399330944
305	7.625	-10.5783422449604	-0.0455911399330944
306	7.65	-10.5783422449604	-0.0455911399330944
307	7.675	-10.5783422449604	-0.0455911399330944
308	7.7	-10.5783422449604	-0.0455911399330944
309	7.725	-10.5783422449604	-0.0455911399330944
310	7.75	-10.5783422449604	-0.0455911399330944
311	7.775	-10.5783422449604	-0.0455911399330944
312	7.8	-10.5783422449604	-0.0455911399330944
313	7.825	-10.5783422449604	-0.0455911399330944
314	7.85	-10.5783422449604	-0.0455911399330944
315	7.875	-10.5783422449604	-0.0455911399330944
316	7.9	-10.5783422449604	-0.0455911399330944
317	7.925	-10.5783422449604	-0.0455911399330944
318	7.95	-10.5783422449604	-0.0455911399330944
319	7.975	-10.5783422449604	-0.0455911399330944
320	8	-10.5783422449604	-0.0455911399330944
321	8.025	-10.5783422449604	-0.0455911399330944
322	8.05	-10.5783422449604	-0.0455911399330944
323	8.075	-10.5783422449604	-0.0443014679476619
324	8.1	-10.5783422449604	-0.0455911399330944
325	8.125	-10.5783422449604	-0.0455911399330944
326	8.15	-10.5783422449604	-0.0443014679476619
327	8.175	-10.5783422449604	-0.0443014679476619
328	8.2	-10.5783422449604	-0.0455911399330944
329	8.225	-10.5783422449604	-0.0455911399330944
330	8.25	-10.5783422449604	-0.0455911399330944
331	8.275	-10.5783422449604	-0.0455911399330944
332	8.3	-10.5783422449604	-0.0455911399330944
333	8.325	-10.5783422449604	-0.0455911399330944
334	8.35	-10.5783422449604	-0.0455911399330944
335	8.375	-10.5783422449604	-0.0455911399330944
336	8.4	-10.5783422449604	-0.0455911399330944
337	8.425	-10.5783422449604	-0.0455911399330944
338	8.45	-10.5783422449604	-0.0455911399330944
339	8.475	-10.5783422449604	-0.0455911399330944
340	8.5	-10.5783422449604	-0.0455911399330944
341	8.525	-10.5783422449604	-0.0455911399330944
342	8.55	-10.5783422449604	-0.0455911399330944
343	8.575	-10.5783422449604	-0.0455911399330944
344	8.6	-10.5783422449604	-0.0455911399330944
345	8.625	-10.5783422449604	-0.0443014679476619
346	8.65	-10.5783422449604	-0.0455911399330944
347	8.675	-10.5783422449604	-0.0455911399330944
348	8.7	-10.5783422449604	-0.0455911399330944
349	8.725	-10.5783422449604	-0.0455911399330944
350	8.75	-10.5783422449604	-0.0455911399330944
351	8.775	-10.5783422449604	-0.0455911399330944
352	8.8	-10.5783422449604	-0.0455911399330944
353	8.825	-10.5783422449604	-0.0455911399330944
354	8.85	-10.5783422449604	-0.0455911399330944
355	8.875	-10.5783422449604	-0.0455911399330944
356	8.9	-10.5783422449604	-0.0455911399330944
357	8.925	-10.5783422449604	-0.0455911399330944
358	8.95	-10.5783422449604	-0.0455911399330944
359	8.975	-10.5783422449604	-0.0443014679476619
360	9	-10.5783422449604	-0.0455911399330944
361	9.025	-10.5783422449604	-0.0455911399330944
362	9.05	-10.5783422449604	-0.0455911399330944
363	9.075	-10.5783422449604	-0.0455911399330944
364	9.1	-10.5783422449604	-0.0455911399330944
365	9.125	-10.5783422449604	-0.0455911399330944
366	9.15	-10.5783422449604	-0.0455911399330944
367	9.175	-10.5783422449604	-0.0455911399330944
368	9.2	-10.5783422449604	-0.0455911399330944
369	9.225	-10.5783422449604	-0.0455911399330944
370	9.25	-10.5783422449604	-0.0443014679476619
371	9.275	-10.5783422449604	-0.0455911399330944
372	9.3	-10.5783422449604	-0.0455911399330944
373	9.325	-10.5783422449604	-0.0455911399330944
374	9.35	-10.5783422449604	-0.0455911399330944
375	9.375	-10.5783422449604	-0.0455911399330944
376	9.4	-10.5783422449604	-0.0455911399330944
377	9.425	-10.5783422449604	-0.0455911399330944
378	9.45	-10.5783422449604	-0.0443014679476619
379	9.475	-10.5783422449604	-0.0443014679476619
380	9.5	-10.5783422449604	-0.0455911399330944
381	9.525	-10.5783422449604	-0.0455911399330944
382	9.55	-10.5783422449604	-0.0455911399330944
383	9.575	-10.5783422449604	-0.0455911399330944
384	9.6	-10.5783422449604	-0.0455911399330944
385	9.625	-10.5783422449604	-0.0455911399330944
386	9.65	-10.5783422449604	-0.0443014679476619
387	9.675	-10.5783422449604	-0.0455911399330944
388	9.7	-10.5783422449604	-0.0455911399330944
389	9.725	-10.5783422449604	-0.0455911399330944
390	9.75	-10.5783422449604	-0.0455911399330944
391	9.775	-10.5783422449604	-0.0455911399330944
392	9.8	-10.5783422449604	-0.0455911399330944
393	9.825	-10.5783422449604	-0.0443014679476619
394	9.85	-10.5783422449604	-0.0443014679476619
395	9.875	-10.5783422449604	-0.0455911399330944
396	9.9	-10.5783422449604	-0.0455911399330944
397	9.925	-10.5783422449604	-0.0443014679476619
398	9.95	-10.5783422449604	-0.0455911399330944
399	9.975	-10.5783422449604	-0.0455911399330944
400	10	-10.5783422449604	-0.0455911399330944
401	10.025	-10.5783422449604	-0.0468808119185269
402	10.05	-10.5783422449604	-0.0455911399330944
403	10.075	-10.5783422449604	-0.0455911399330944
404	10.1	-10.5783422449604	-0.0455911399330944
405	10.125	-10.5783422449604	-0.0468808119185269
406	10.15	-10.5783422449604	-0.0468808119185269
407	10.175	-10.5783422449604	-0.0468808119185269
408	10.2	-10.5783422449604	-0.0468808119185269
409	10.225	-10.5783422449604	-0.0481704839039594
410	10.25	-10.5783422449604	-0.0481704839039594
411	10.275	-10.5783422449604	-0.0481704839039594
412	10.3	-10.5783422449604	-0.0481704839039594
413	10.325	-10.5783422449604	-0.0481704839039594
414	10.35	-10.5783422449604	-0.0481704839039594
415	10.375	-10.5783422449604	-0.0494601558893919
416	10.4	-10.5783422449604	-0.0494601558893919
417	10.425	-10.5783422449604	-0.0481704839039594
418	10.45	-10.5783422449604	-0.0494601558893919
419	10.475	-10.5783422449604	-0.0494601558893919
420	10.5	-10.5783422449604	-0.0494601558893919
421	10.525	-10.5783422449604	-0.0507498278748244
422	10.55	-10.5783422449604	-0.0507498278748244
423	10.575	-10.5783422449604	-0.0507498278748244
424	10.6	-10.5783422449604	-0.0507498278748244
425	10.625	-10.5783422449604	-0.0507498278748244
426	10.65	-10.5783422449604	-0.0507498278748244
427	10.675	-10.5783422449604	-0.0507498278748244
428	10.7	-10.5783422449604	-0.0507498278748244
429	10.725	-10.5783422449604	-0.0507498278748244
430	10.75	-10.5783422449604	-0.0507498278748244
431	10.775	-10.5783422449604	-0.0507498278748244
432	10.8	-10.5783422449604	-0.0507498278748244
433	10.825	-10.5783422449604	-0.0520394998602569
434	10.85	-10.5783422449604	-0.0520394998602569
435	10.875	-10.5783422449604	-0.0520394998602569
436	10.9	-10.5783422449604	-0.0533291718456894
437	10.925	-10.5783422449604	-0.0533291718456894
438	10.95	-10.5783422449604	-0.0533291718456894
439	10.975	-10.5783422449604	-0.0533291718456894
440	11	-10.5783422449604	-0.0546188438311219
441	11.025	-10.5783422449604	-0.0546188438311219
442	11.05	-10.5783422449604	-0.0546188438311219
443	11.075	-10.5783422449604	-0.0559085158165544
444	11.1	-10.5783422449604	-0.0559085158165544
445	11.125	-10.5783422449604	-0.0559085158165544
446	11.15	-10.5783422449604	-0.0559085158165544
447	11.175	-10.5783422449604	-0.0559085158165544
448	11.2	-10.5783422449604	-0.0571981878019869
449	11.225	-10.5783422449604	-0.0571981878019869
450	11.25	-10.5783422449604	-0.0571981878019869
451	11.275	-10.5783422449604	-0.0571981878019869
452	11.3	-10.5783422449604	-0.0584878597874194
453	11.325	-10.5783422449604	-0.0584878597874194
454	11.35	-10.5783422449604	-0.0584878597874194
455	11.375	-10.5783422449604	-0.0584878597874194
456	11.4	-10.5783422449604	-0.0597775317728519
457	11.425	-10.5783422449604	-0.0584878597874194
458	11.45	-10.5783422449604	-0.0584878597874194
459	11.475	-10.5783422449604	-0.0597775317728519
460	11.5	-10.5783422449604	-0.0597775317728519
461	11.525	-10.5783422449604	-0.0597775317728519
462	11.55	-10.5783422449604	-0.0597775317728519
463	11.575	-10.5783422449604	-0.0610672037582844
464	11.6	-10.5783422449604	-0.0610672037582844
465	11.625	-10.5783422449604	-0.062356875743717
466	11.65	-10.5783422449604	-0.062356875743717
467	11.675	-10.5783422449604	-0.062356875743717
468	11.7	-10.5783422449604	-0.0636465477291495
469	11.725	-10.5783422449604	-0.0636465477291495
470	11.75	-10.5783422449604	-0.064936219714582
471	11.775	-10.5783422449604	-0.064936219714582
472	11.8	-10.5783422449604	-0.0662258917000145
473	11.825	-10.5783422449604	-0.0662258917000145
474	11.85	-10.5783422449604	-0.0662258917000145
475	11.875	-10.5783422449604	-0.0662258917000145
476	11.9	-10.5783422449604	-0.067515563685447
477	11.925	-10.5783422449604	-0.067515563685447
478	11.95	-10.5783422449604	-0.067515563685447
479	11.975	-10.5783422449604	-0.067515563685447
480	12	-10.5783422449604	-0.0688052356708795
481	12.025	-10.5783422449604	-0.0688052356708795
482	12.05	-10.5783422449604	-0.0688052356708795
483	12.075	-10.5783422449604	-0.0688052356708795
484	12.1	-10.5783422449604	-0.0688052356708795
485	12.125	-10.5783422449604	-0.0688052356708795
486	12.15	-10.5783422449604	-0.070094907656312
487	12.175	-10.5783422449604	-0.070094907656312
488	12.2	-10.5783422449604	-0.070094907656312
489	12.225	-10.5783422449604	-0.0713845796417445
490	12.25	-10.5783422449604	-0.0713845796417445
491	12.275	-10.5783422449604	-0.072674251627177
492	12.3	-10.5783422449604	-0.072674251627177
493	12.325	-10.5783422449604	-0.0739639236126095
494	12.35	-10.5783422449604	-0.0739639236126095
495	12.375	-10.5783422449604	-0.0739639236126095
496	12.4	-10.5783422449604	-0.075253595598042
497	12.425	-10.5783422449604	-0.075253595598042
498	12.45	-10.5783422449604	-0.0765432675834745
499	12.475	-10.5783422449604	-0.0765432675834745
500	12.5	-10.5783422449604	-0.0765432675834745
501	12.525	-10.5783422449604	-0.077832939568907
502	12.55	-10.5783422449604	-0.077832939568907
503	12.575	-10.5783422449604	-0.077832939568907
504	12.6	-10.5783422449604	-0.077832939568907
505	12.625	-10.5783422449604	-0.077832939568907
506	12.65	-10.5783422449604	-0.0791226115543395
507	12.675	-10.5783422449604	-0.0791226115543395
508	12.7	-10.5783422449604	-0.0791226115543395
509	12.725	-10.5783422449604	-0.0791226115543395
510	12.75	-10.5783422449604	-0.080412283539772
511	12.775	-10.5783422449604	-0.0791226115543395
512	12.8	-10.5783422449604	-0.080412283539772
513	12.825	-10.5783422449604	-0.080412283539772
514	12.85	-10.5783422449604	-0.080412283539772
515	12.875	-10.5783422449604	-0.080412283539772
516	12.9	-10.5783422449604	-0.0817019555252045
517	12.925	-10.5783422449604	-0.0817019555252045
518	12.95	-10.5783422449604	-0.0817019555252045
519	12.975	-10.5783422449604	-0.082991627510637
520	13	-10.5783422449604	-0.0817019555252045
521	13.025	-10.5783422449604	-0.082991627510637
522	13.05	-7.19553262717091	-0.082991627510637
523	13.075	-5.29455612064339	-0.0842812994960696
524	13.1	-4.15448608552106	-0.0855709714815021
525	13.125	-3.22334291203879	-0.0855709714815021
526	13.15	-2.65846658241935	-0.0868606434669346
527	13.175	-2.36829038569704	-0.0868606434669346
528	13.2	-2.17999827582389	-0.0881503154523671
529	13.225	-2.09359025279991	-0.0881503154523671
530	13.25	-1.97880944609642	-0.0894399874377996
531	13.275	-1.92593289469369	-0.0894399874377996
532	13.3	-1.8550009354949	-0.0907296594232321
533	13.325	-1.8472629035823	-0.0920193314086646
534	13.35	-1.78793799225241	-0.0920193314086646
535	13.375	-1.74666848871857	-0.0920193314086646
536	13.4	-1.69895062525757	-0.0920193314086646
537	13.425	-1.71184734511189	-0.0933090033940971
538	13.45	-1.68347456143238	-0.0945986753795296
539	13.475	-1.69121259334497	-0.0945986753795296
540	13.5	-1.67057784157805	-0.0958883473649621
541	13.525	-1.68218488944694	-0.0958883473649621
542	13.55	-1.66155013768002	-0.0958883473649621
543	13.575	-1.6925022653304	-0.0971780193503946
544	13.6	-1.67057784157805	-0.0971780193503946
545	13.625	-1.68605390540324	-0.0971780193503946
546	13.65	-1.66412948165089	-0.0971780193503946
547	13.675	-1.68605390540324	-0.0971780193503946
548	13.7	-1.65768112172373	-0.0984676913358271
549	13.725	-1.68605390540324	-0.0997573633212596
550	13.75	-1.65897079370916	-0.0997573633212596
551	13.775	-1.67831587349065	-0.0997573633212596
552	13.8	-1.64994308981113	-0.0997573633212596
553	13.825	-1.67960554547608	-0.0997573633212596
554	13.85	-1.65768112172373	-0.101047035306692
555	13.875	-1.68218488944694	-0.101047035306692
556	13.9	-1.66026046569459	-0.0997573633212596
557	13.925	-1.68089521746151	-0.101047035306692
558	13.95	-1.65897079370916	-0.101047035306692
559	13.975	-1.67444685753435	-0.101047035306692
560	14	-1.65639144973829	-0.101047035306692
561	14.025	-1.68218488944694	-0.101047035306692
562	14.05	-1.65897079370916	-0.102336707292125
563	14.075	-1.68218488944694	-0.102336707292125
564	14.1	-1.65510177775286	-0.101047035306692
565	14.125	-1.67702620150521	-0.102336707292125
566	14.15	-1.65768112172373	-0.102336707292125
567	14.175	-1.68089521746151	-0.102336707292125
568	14.2	-1.65381210576743	-0.102336707292125
569	14.225	-1.66670882562175	-0.102336707292125
570	14.25	-1.65639144973829	-0.102336707292125
571	14.275	-1.67186751356348	-0.102336707292125
572	14.3	-1.64736374584027	-0.102336707292125
573	14.325	-1.66541915363632	-0.102336707292125
574	14.35	-1.64349472988397	-0.102336707292125
575	14.375	-1.67057784157805	-0.102336707292125
576	14.4	-1.6447844018694	-0.102336707292125
577	14.425	-1.67186751356348	-0.102336707292125
578	14.45	-1.66026046569459	-0.102336707292125
579	14.475	-1.67573652951978	-0.103626379277557
580	14.5	-1.67057784157805	-0.102336707292125
581	14.525	-1.68347456143238	-0.103626379277557
582	14.55	-1.66283980966546	-0.103626379277557
583	14.575	-1.68476423341781	-0.103626379277557
584	14.6	-1.65639144973829	-0.103626379277557
585	14.625	-1.67702620150521	-0.103626379277557
586	14.65	-1.63833604194224	-0.103626379277557
587	14.675	-1.66928816959262	-0.102336707292125
588	14.7	-1.65381210576743	-0.103626379277557
589	14.725	-1.66670882562175	-0.103626379277557
590	14.75	-1.66283980966546	-0.103626379277557
591	14.775	-1.67186751356348	-0.103626379277557
592	14.8	-1.6447844018694	-0.103626379277557
593	14.825	-1.67057784157805	-0.103626379277557
594	14.85	-1.64736374584027	-0.103626379277557
595	14.875	-1.65897079370916	-0.103626379277557
596	14.9	-1.64736374584027	-0.103626379277557
597	14.925	-1.66026046569459	-0.103626379277557
598	14.95	-1.65897079370916	-0.103626379277557
599	14.975	-1.67057784157805	-0.103626379277557
600	15	-1.63962571392767	-0.103626379277557
601	15.025	-1.66026046569459	-0.103626379277557
602	15.05	-1.6486534178257	-0.103626379277557
603	15.075	-1.66412948165089	-0.103626379277557
604	15.1	-1.63962571392767	-0.103626379277557
605	15.125	-1.66283980966546	-0.103626379277557
606	15.15	-1.63962571392767	-0.103626379277557
607	15.175	-1.66283980966546	-0.103626379277557
608	15.2	-1.63059801002964	-0.103626379277557
609	15.225	-1.6486534178257	-0.103626379277557
610	15.25	-1.6409153859131	-0.103626379277557
611	15.275	-1.65639144973829	-0.103626379277557
612	15.3	-1.63317735400051	-0.103626379277557
613	15.325	-1.65639144973829	-0.103626379277557
614	15.35	-1.63962571392767	-0.10491605126299
615	15.375	-1.6486534178257	-0.103626379277557
616	15.4	-1.64220505789854	-0.103626379277557
617	15.425	-1.652522433782	-0.103626379277557
618	15.45	-1.62285997811705	-0.103626379277557
619	15.475	-1.64994308981113	-0.103626379277557
620	15.5	-1.6409153859131	-0.103626379277557
621	15.525	-1.652522433782	-0.103626379277557
622	15.55	-1.62672899407335	-0.103626379277557
623	15.575	-1.65768112172373	-0.102336707292125
624	15.6	-1.63317735400051	-0.103626379277557
625	15.625	-1.65123276179656	-0.103626379277557
626	15.65	-1.63317735400051	-0.103626379277557
627	15.675	-1.652522433782	-0.103626379277557
628	15.7	-1.63059801002964	-0.103626379277557
629	15.725	-1.66412948165089	-0.103626379277557
630	15.75	-1.64349472988397	-0.103626379277557
631	15.775	-1.67186751356348	-0.102336707292125
632	15.8	-1.68347456143238	-0.103626379277557
633	15.825	-1.795676024165	-0.102336707292125
634	15.85	-1.98138879006729	-0.102336707292125
635	15.875	-2.31025514635257	-0.101047035306692
636	15.9	-2.54884446365759	-0.101047035306692
637	15.925	-2.79388214088976	-0.101047035306692
638	15.95	-3.38584158220328	-0.0997573633212596
639	15.975	-6.09931143955328	-0.0984676913358271
640	16	-9.88578838878311	-0.0984676913358271
641	16.025	-7.05753772472963	-0.0971780193503946
642	16.05	-8.71863524196669	-0.0971780193503946
643	16.075	-8.00286729005165	-0.0958883473649621
644	16.1	-7.88292779540643	-0.0971780193503946
645	16.125	-8.50970838032663	-0.0958883473649621
646	16.15	-7.51408160757273	-0.0958883473649621
647	16.175	-8.85663014440797	-0.0945986753795296
648	16.2	-7.30128572997637	-0.0945986753795296
649	16.225	-8.74184933770448	-0.0945986753795296
650	16.25	-7.49731587176211	-0.0945986753795296
651	16.275	-8.41040363744833	-0.0933090033940971
652	16.3	-7.88292779540643	-0.0945986753795296
653	16.325	-7.9809428662993	-0.0933090033940971
654	16.35	-8.38332052575424	-0.0933090033940971
655	16.375	-7.65336618199944	-0.0920193314086646
656	16.4	-8.51099805231206	-0.0933090033940971
657	16.425	-7.61854503839277	-0.0920193314086646
658	16.45	-8.77022212138399	-0.0920193314086646
659	16.475	-8.19244907191023	-0.0920193314086646
660	16.5	-9.0242875025142	-0.0920193314086646
661	16.525	-10.5783422449604	-0.0907296594232321
662	16.55	-10.5783422449604	-0.0907296594232321
663	16.575	-10.5783422449604	-0.0907296594232321
664	16.6	-10.5783422449604	-0.0894399874377996
665	16.625	-10.5783422449604	-0.0894399874377996
666	16.65	-10.5783422449604	-0.0894399874377996
667	16.675	-10.5783422449604	-0.0881503154523671
668	16.7	-10.5783422449604	-0.0881503154523671
669	16.725	-10.5783422449604	-0.0881503154523671
670	16.75	-10.5783422449604	-0.0868606434669346
671	16.775	-10.5783422449604	-0.0868606434669346
672	16.8	-10.5783422449604	-0.0855709714815021
673	16.825	-10.5783422449604	-0.0842812994960696
674	16.85	-10.5783422449604	-0.0842812994960696
675	16.875	-10.5783422449604	-0.0842812994960696
676	16.9	-10.5783422449604	-0.082991627510637
677	16.925	-10.5783422449604	-0.082991627510637
678	16.95	-10.5783422449604	-0.0817019555252045
679	16.975	-10.5783422449604	-0.0817019555252045
680	17	-10.5783422449604	-0.080412283539772
681	17.025	-10.5783422449604	-0.0791226115543395
682	17.05	-10.5783422449604	-0.0791226115543395
683	17.075	-10.5783422449604	-0.0791226115543395
684	17.1	-10.5783422449604	-0.077832939568907
685	17.125	-10.5783422449604	-0.0765432675834745
686	17.15	-10.5783422449604	-0.075253595598042
687	17.175	-10.5783422449604	-0.075253595598042
688	17.2	-10.5783422449604	-0.075253595598042
689	17.225	-10.5783422449604	-0.0739639236126095
690	17.25	-10.5783422449604	-0.0739639236126095
691	17.275	-10.5783422449604	-0.0739639236126095
692	17.3	-10.5783422449604	-0.0739639236126095
693	17.325	-10.5783422449604	-0.072674251627177
694	17.35	-10.5783422449604	-0.072674251627177
695	17.375	-10.5783422449604	-0.0739639236126095
696	17.4	-10.5783422449604	-0.072674251627177
697	17.425	-10.5783422449604	-0.072674251627177
698	17.45	-10.5783422449604	-0.0713845796417445
699	17.475	-10.5783422449604	-0.0713845796417445
700	17.5	-10.5783422449604	-0.0713845796417445
701	17.525	-10.5783422449604	-0.0713845796417445
702	17.55	-10.5783422449604	-0.070094907656312
703	17.575	-10.5783422449604	-0.070094907656312
704	17.6	-10.5783422449604	-0.0688052356708795
705	17.625	-10.5783422449604	-0.0688052356708795
706	17.65	-10.5783422449604	-0.0688052356708795
707	17.675	-10.5783422449604	-0.067515563685447
708	17.7	-10.5783422449604	-0.0662258917000145
709	17.725	-10.5783422449604	-0.0662258917000145
710	17.75	-10.5783422449604	-0.064936219714582
711	17.775	-10.5783422449604	-0.064936219714582
712	17.8	-10.5783422449604	-0.064936219714582
713	17.825	-10.5783422449604	-0.0636465477291495
714	17.85	-10.5783422449604	-0.062356875743717
715	17.875	-10.5783422449604	-0.062356875743717
716	17.9	-10.5783422449604	-0.0610672037582844
717	17.925	-10.5783422449604	-0.0610672037582844
718	17.95	-10.5783422449604	-0.0610672037582844
719	17.975	-10.5783422449604	-0.0597775317728519
720	18	-10.5783422449604	-0.0597775317728519
721	18.025	-10.5783422449604	-0.0584878597874194
722	18.05	-10.5783422449604	-0.0571981878019869
723	18.075	-10.5783422449604	-0.0559085158165544
724	18.1	-10.5783422449604	-0.0559085158165544
725	18.125	-10.5783422449604	-0.0546188438311219
726	18.15	-10.5783422449604	-0.0533291718456894
727	18.175	-10.5783422449604	-0.0520394998602569
728	18.2	-10.5783422449604	-0.0507498278748244
729	18.225	-10.5783422449604	-0.0507498278748244
730	18.25	-10.5783422449604	-0.0494601558893919
731	18.275	-10.5783422449604	-0.0481704839039594
732	18.3	-10.5783422449604	-0.0468808119185269
733	18.325	-10.5783422449604	-0.0468808119185269
734	18.35	-10.5783422449604	-0.0443014679476619
735	18.375	-10.5783422449604	-0.0430117959622294
736	18.4	-10.5783422449604	-0.0430117959622294
737	18.425	-10.5783422449604	-0.0404324519913644
738	18.45	-10.5783422449604	-0.0391427800059319
739	18.475	-10.5783422449604	-0.0378531080204993
740	18.5	-10.5783422449604	-0.0365634360350668
741	18.525	-10.5783422449604	-0.0352737640496343
742	18.55	-10.5783422449604	-0.0352737640496343
743	18.575	-10.5783422449604	-0.0339840920642018
744	18.6	-10.5783422449604	-0.0314047480933368
745	18.625	-10.5783422449604	-0.0314047480933368
746	18.65	-10.5783422449604	-0.0301150761079043
747	18.675	-10.5783422449604	-0.0288254041224718
748	18.7	-10.5783422449604	-0.0275357321370393
749	18.725	-10.5783422449604	-0.0262460601516068
750	18.75	-10.5783422449604	-0.0249563881661743
751	18.775	-10.5783422449604	-0.0236667161807418
752	18.8	-9.96832739585079	-0.0223770441953093
753	18.825	-9.7942216778174	-0.0223770441953093
754	18.85	-9.64848874346353	-0.0210873722098768
755	18.875	-9.91931986040436	-0.0185080282390118
756	18.9	-10.308800800005	-0.0185080282390118
757	18.925	-10.5783422449604	-0.0159286842681468
758	18.95	-10.5783422449604	-0.0159286842681468
759	18.975	-10.5783422449604	-0.0146390122827142
760	19	-10.5783422449604	-0.0133493402972817
761	19.025	-10.5783422449604	-0.0120596683118492
762	19.05	-10.5783422449604	-0.0107699963264167
763	19.075	-10.5783422449604	-0.00948032434098423
764	19.1	-10.5783422449604	-0.00819065235555172
765	19.125	-10.5783422449604	-0.00819065235555172
766	19.15	-10.5783422449604	-0.00561130838468671
767	19.175	-10.5783422449604	-0.0043216363992542
768	19.2	-10.5783422449604	-0.0030319644138217
769	19.225	-10.5783422449604	-0.00174229242838919
770	19.25	-10.5783422449604	-0.000452620442956686
771	19.275	-10.5783422449604	-0.000452620442956686
772	19.3	-10.5783422449604	0.00083705154247582
773	19.325	-10.5783422449604	0.00083705154247582
774	19.35	-10.5783422449604	0.00212672352790833
775	19.375	-10.5783422449604	0.00341639551334083
776	19.4	-10.5783422449604	0.00470606749877334
777	19.425	-10.5783422449604	0.00470606749877334
778	19.45	-10.5783422449604	0.00470606749877334
779	19.475	-10.5783422449604	0.00599573948420584
780	19.5	-10.5783422449604	0.00599573948420584
781	19.525	-10.5783422449604	0.00728541146963835
782	19.55	-10.5783422449604	0.00728541146963835
783	19.575	-10.5783422449604	0.00728541146963835
784	19.6	-10.5783422449604	0.00857508345507085
785	19.625	-10.5783422449604	0.00857508345507085
786	19.65	-10.5783422449604	0.00857508345507085
787	19.675	-10.5783422449604	0.00857508345507085
788	19.7	-10.5783422449604	0.00986475544050336
789	19.725	-10.5783422449604	0.00986475544050336
790	19.75	-10.5783422449604	0.00986475544050336
791	19.775	-10.5783422449604	0.0111544274259359
792	19.8	-10.5783422449604	0.00986475544050336
793	19.825	-10.5783422449604	0.0111544274259359
794	19.85	-10.5783422449604	0.0111544274259359
795	19.875	-10.5783422449604	0.0111544274259359
796	19.9	-10.5783422449604	0.0111544274259359
797	19.925	-10.5783422449604	0.0124440994113684
798	19.95	-10.5783422449604	0.0124440994113684
799	19.975	-10.5783422449604	0.0124440994113684
800	20	-10.5783422449604	0.0124440994113684
801	20.025	-10.5783422449604	0.0137337713968009
802	20.05	-10.5783422449604	0.0137337713968009
803	20.075	-10.5783422449604	0.0150234433822334
804	20.1	-10.5783422449604	0.0150234433822334
805	20.125	-10.5783422449604	0.0150234433822334
806	20.15	-10.5783422449604	0.0150234433822334
807	20.175	-10.5783422449604	0.0163131153676659
808	20.2	-10.5783422449604	0.0176027873530984
809	20.225	-10.5783422449604	0.0176027873530984
810	20.25	-10.5783422449604	0.0176027873530984
811	20.275	-10.5783422449604	0.0188924593385309
812	20.3	-10.5783422449604	0.0201821313239634
813	20.325	-10.5783422449604	0.0214718033093959
814	20.35	-10.5783422449604	0.0227614752948284
815	20.375	-10.5783422449604	0.0227614752948284
816	20.4	-10.5783422449604	0.0240511472802609
817	20.425	-10.5783422449604	0.0253408192656934
818	20.45	-10.5783422449604	0.0266304912511259
819	20.475	-10.5783422449604	0.0279201632365584
820	20.5	-10.5783422449604	0.0292098352219909
821	20.525	-10.5783422449604	0.0304995072074234
822	20.55	-10.5783422449604	0.0304995072074234
823	20.575	-10.5783422449604	0.031789179192856
824	20.6	-10.5783422449604	0.0330788511782885
825	20.625	-10.5783422449604	0.034368523163721
826	20.65	-10.5783422449604	0.036947867134586
827	20.675	-10.5783422449604	0.036947867134586
828	20.7	-10.5783422449604	0.0382375391200185
829	20.725	-10.5783422449604	0.039527211105451
830	20.75	-10.5783422449604	0.039527211105451
831	20.775	-8.62835820298642	0.0408168830908835
832	20.8	-5.66985066840425	0.042106555076316
833	20.825	-3.96490430366248	0.0433962270617485
834	20.85	-3.2117358641699	0.0433962270617485
835	20.875	-2.67523231822997	0.044685899047181
836	20.9	-1.88337371917441	0.0459755710326135
837	20.925	-1.26046215021051	0.0485549150034785
838	20.95	-0.896774650318548	0.0485549150034785
839	20.975	-0.767807451775298	0.049844586988911
840	21	-0.693006476620212	0.052423930959776
841	21.025	-0.695585820591077	0.052423930959776
842	21.05	-0.672371724853292	0.0537136029452085
843	21.075	-0.682689100736752	0.0550032749306411
844	21.1	-0.637550581246614	0.0562929469160736
845	21.125	-0.611757141537964	0.0575826189015061
846	21.15	-0.592412061756477	0.0588722908869386
847	21.175	-0.596281077712774	0.0601619628723711
848	21.2	-0.598860421683639	0.0614516348578036
849	21.225	-0.601439765654504	0.0627413068432361
850	21.25	-0.592412061756477	0.0627413068432361
851	21.275	-0.602729437639937	0.0640309788286686
852	21.3	-0.591122389771044	0.0640309788286686
853	21.325	-0.602729437639937	0.0653206508141011
854	21.35	-0.587253373814747	0.0666103227995336
855	21.375	-0.602729437639937	0.0666103227995336
856	21.4	-0.588543045800179	0.0678999947849661
857	21.425	-0.605308781610802	0.0678999947849661
858	21.45	-0.585963701829314	0.0691896667703986
859	21.475	-0.602729437639937	0.0691896667703986
860	21.5	-0.587253373814747	0.0704793387558311
861	21.525	-0.605308781610802	0.0704793387558311
862	21.55	-0.598860421683639	0.0704793387558311
863	21.575	-0.600150093669072	0.0717690107412636
864	21.6	-0.594991405727342	0.0717690107412636
865	21.625	-0.601439765654504	0.0717690107412636
866	21.65	-0.596281077712774	0.0717690107412636
867	21.675	-0.604019109625369	0.0730586827266961
868	21.7	-0.591122389771044	0.0730586827266961
869	21.725	-0.601439765654504	0.0730586827266961
870	21.75	-0.593701733741909	0.0743483547121286
871	21.775	-0.600150093669072	0.0730586827266961
872	21.8	-0.592412061756477	0.0743483547121286
873	21.825	-0.600150093669072	0.0743483547121286
874	21.85	-0.592412061756477	0.0743483547121286
875	21.875	-0.605308781610802	0.0743483547121286
876	21.9	-0.587253373814747	0.0756380266975611
877	21.925	-0.605308781610802	0.0756380266975611
878	21.95	-0.588543045800179	0.0756380266975611
879	21.975	-0.606598453596234	0.0743483547121286
880	22	-0.591122389771044	0.0743483547121286
881	22.025	-0.607888125581667	0.0756380266975611
882	22.05	-0.605308781610802	0.0756380266975611
883	22.075	-0.623364189406857	0.0743483547121286
884	22.1	-0.628522877348587	0.0743483547121286
885	22.125	-0.689137460663915	0.0743483547121286
886	22.15	-0.766517779789865	0.0730586827266961
887	22.175	-0.858084490755573	0.0730586827266961
888	22.2	-0.894195306347683	0.0730586827266961
889	22.225	-1.0296108648181	0.0717690107412636
890	22.25	-1.57643178664148	0.0704793387558311
891	22.275	-2.87900049192831	0.0704793387558311
892	22.3	-3.80627464945428	0.0704793387558311
893	22.325	-4.28861197200604	0.0678999947849661
894	22.35	-5.72143754782155	0.0678999947849661
895	22.375	-9.85225691716187	0.0666103227995336
896	22.4	-10.5783422449604	0.0653206508141011
897	22.425	-10.5783422449604	0.0640309788286686
898	22.45	-10.5783422449604	0.0640309788286686
899	22.475	-10.5783422449604	0.0627413068432361
900	22.5	-10.5783422449604	0.0614516348578036
901	22.525	-10.5783422449604	0.0601619628723711
902	22.55	-10.5783422449604	0.0588722908869386
903	22.575	-10.5783422449604	0.0588722908869386
904	22.6	-10.5783422449604	0.0575826189015061
905	22.625	-10.5783422449604	0.0562929469160736
906	22.65	-10.5783422449604	0.0550032749306411
907	22.675	-10.5783422449604	0.0537136029452085
908	22.7	-10.5783422449604	0.0537136029452085
909	22.725	-10.5783422449604	0.052423930959776
910	22.75	-10.5783422449604	0.0511342589743435
911	22.775	-10.5783422449604	0.049844586988911
912	22.8	-10.5783422449604	0.049844586988911
913	22.825	-10.5783422449604	0.0485549150034785
914	22.85	-10.5783422449604	0.0485549150034785
915	22.875	-10.5783422449604	0.047265243018046
916	22.9	-10.5783422449604	0.0459755710326135
917	22.925	-10.5783422449604	0.0459755710326135
918	22.95	-10.5783422449604	0.044685899047181
919	22.975	-10.5783422449604	0.0459755710326135
920	23	-10.5783422449604	0.0433962270617485
921	23.025	-10.5783422449604	0.0433962270617485
922	23.05	-10.5783422449604	0.0433962270617485
923	23.075	-10.5783422449604	0.042106555076316
924	23.1	-10.5783422449604	0.0433962270617485
925	23.125	-10.5783422449604	0.042106555076316
926	23.15	-10.5783422449604	0.042106555076316
927	23.175	-10.5783422449604	0.0408168830908835
928	23.2	-10.5783422449604	0.0408168830908835
929	23.225	-10.5783422449604	0.0408168830908835
930	23.25	-10.5783422449604	0.0408168830908835
931	23.275	-10.5783422449604	0.039527211105451
932	23.3	-10.5783422449604	0.0408168830908835
933	23.325	-10.5783422449604	0.039527211105451
934	23.35	-10.5783422449604	0.039527211105451
935	23.375	-10.5783422449604	0.039527211105451
936	23.4	-10.5783422449604	0.039527211105451
937	23.425	-10.5783422449604	0.039527211105451
938	23.45	-10.5783422449604	0.039527211105451
939	23.475	-10.5783422449604	0.039527211105451
940	23.5	-10.5783422449604	0.039527211105451
941	23.525	-10.5783422449604	0.039527211105451
942	23.55	-10.5783422449604	0.0382375391200185
943	23.575	-10.5783422449604	0.0382375391200185
944	23.6	-10.5783422449604	0.0382375391200185
945	23.625	-10.5783422449604	0.0382375391200185
946	23.65	-10.5783422449604	0.0382375391200185
947	23.675	-10.5783422449604	0.0382375391200185
948	23.7	-10.5783422449604	0.0382375391200185
949	23.725	-10.5783422449604	0.036947867134586
950	23.75	-10.5783422449604	0.036947867134586
951	23.775	-10.5783422449604	0.0382375391200185
952	23.8	-10.5783422449604	0.036947867134586
953	23.825	-10.5783422449604	0.036947867134586
954	23.85	-10.5783422449604	0.036947867134586
955	23.875	-10.5783422449604	0.036947867134586
956	23.9	-10.5783422449604	0.036947867134586
957	23.925	-10.5783422449604	0.036947867134586
958	23.95	-10.5783422449604	0.0356581951491535
959	23.975	-10.5783422449604	0.0356581951491535
960	24	-10.5783422449604	0.0356581951491535
961	24.025	-10.5783422449604	0.0356581951491535
962	24.05	-10.5783422449604	0.0356581951491535
963	24.075	-10.5783422449604	0.0356581951491535
964	24.1	-10.5783422449604	0.034368523163721
965	24.125	-10.5783422449604	0.034368523163721
966	24.15	-10.5783422449604	0.034368523163721
967	24.175	-10.5783422449604	0.034368523163721
968	24.2	-10.5783422449604	0.034368523163721
969	24.225	-10.5783422449604	0.034368523163721
970	24.25	-10.5783422449604	0.034368523163721
971	24.275	-10.5783422449604	0.034368523163721
972	24.3	-10.5783422449604	0.034368523163721
973	24.325	-10.5783422449604	0.034368523163721
974	24.35	-10.5783422449604	0.0330788511782885
975	24.375	-10.5783422449604	0.0330788511782885
976	24.4	-10.5783422449604	0.034368523163721
977	24.425	-10.5783422449604	0.0330788511782885
978	24.45	-10.5783422449604	0.0330788511782885
979	24.475	-10.5783422449604	0.0330788511782885
980	24.5	-10.5783422449604	0.0330788511782885
981	24.525	-10.5783422449604	0.031789179192856
982	24.55	-10.5783422449604	0.031789179192856
983	24.575	-10.5783422449604	0.031789179192856
984	24.6	-10.5783422449604	0.0330788511782885
985	24.625	-10.5783422449604	0.0330788511782885
986	24.65	-10.5783422449604	0.031789179192856
987	24.675	-10.5783422449604	0.031789179192856
988	24.7	-10.5783422449604	0.031789179192856
989	24.725	-10.5783422449604	0.031789179192856
990	24.75	-10.5783422449604	0.031789179192856
991	24.775	-10.5783422449604	0.031789179192856
992	24.8	-10.5783422449604	0.031789179192856
993	24.825	-10.5783422449604	0.031789179192856
994	24.85	-10.5783422449604	0.031789179192856
995	24.875	-10.5783422449604	0.031789179192856
996	24.9	-10.5783422449604	0.031789179192856
997	24.925	-10.5783422449604	0.031789179192856
998	24.95	-10.5783422449604	0.031789179192856
999	24.975	-10.5783422449604	0.0304995072074234
1000	25	-10.5783422449604	0.031789179192856
1001	25.025	-10.5783422449604	0.031789179192856
1002	25.05	-10.5783422449604	0.031789179192856
1003	25.075	-10.5783422449604	0.031789179192856
1004	25.1	-10.5783422449604	0.031789179192856
1005	25.125	-10.5783422449604	0.031789179192856
1006	25.15	-10.5783422449604	0.031789179192856
1007	25.175	-10.5783422449604	0.031789179192856
1008	25.2	-10.5783422449604	0.031789179192856
1009	25.225	-10.5783422449604	0.031789179192856
1010	25.25	-10.5783422449604	0.0304995072074234
1011	25.275	-10.5783422449604	0.031789179192856
1012	25.3	-10.5783422449604	0.031789179192856
1013	25.325	-10.5783422449604	0.0304995072074234
1014	25.35	-10.5783422449604	0.031789179192856
1015	25.375	-10.5783422449604	0.031789179192856
1016	25.4	-10.5783422449604	0.031789179192856
1017	25.425	-10.5783422449604	0.0304995072074234
1018	25.45	-10.5783422449604	0.0304995072074234
1019	25.475	-10.5783422449604	0.031789179192856
1020	25.5	-10.5783422449604	0.031789179192856
1021	25.525	-10.5783422449604	0.0304995072074234
1022	25.55	-10.5783422449604	0.031789179192856
1023	25.575	-10.5783422449604	0.031789179192856
1024	25.6	-10.5783422449604	0.031789179192856
1025	25.625	-10.5783422449604	0.0304995072074234
1026	25.65	-10.5783422449604	0.0304995072074234
1027	25.675	-10.5783422449604	0.031789179192856
1028	25.7	-10.5783422449604	0.031789179192856
1029	25.725	-10.5783422449604	0.031789179192856
1030	25.75	-10.5783422449604	0.031789179192856
1031	25.775	-10.5783422449604	0.0304995072074234
1032	25.8	-10.5783422449604	0.031789179192856
1033	25.825	-10.5783422449604	0.031789179192856
1034	25.85	-10.5783422449604	0.0304995072074234
1035	25.875	-10.5783422449604	0.0304995072074234
1036	25.9	-10.5783422449604	0.0304995072074234
1037	25.925	-10.5783422449604	0.031789179192856
1038	25.95	-10.5783422449604	0.0304995072074234
1039	25.975	-10.5783422449604	0.0304995072074234
1040	26	-10.5783422449604	0.031789179192856
1041	26.025	-10.5783422449604	0.031789179192856
1042	26.05	-10.5783422449604	0.0304995072074234
1043	26.075	-10.5783422449604	0.0304995072074234
1044	26.1	-10.5783422449604	0.0304995072074234
1045	26.125	-10.5783422449604	0.031789179192856
1046	26.15	-10.5783422449604	0.031789179192856
1047	26.175	-10.5783422449604	0.031789179192856
1048	26.2	-10.5783422449604	0.031789179192856
1049	26.225	-10.5783422449604	0.031789179192856
1050	26.25	-10.5783422449604	0.0304995072074234
1051	26.275	-10.5783422449604	0.031789179192856
1052	26.3	-10.5783422449604	0.0304995072074234
1053	26.325	-10.5783422449604	0.0304995072074234
1054	26.35	-10.5783422449604	0.0304995072074234
1055	26.375	-10.5783422449604	0.0304995072074234
1056	26.4	-10.5783422449604	0.0304995072074234
1057	26.425	-10.5783422449604	0.031789179192856
1058	26.45	-10.5783422449604	0.031789179192856
1059	26.475	-10.5783422449604	0.031789179192856
1060	26.5	-10.5783422449604	0.0304995072074234
1061	26.525	-10.5783422449604	0.031789179192856
1062	26.55	-10.5783422449604	0.0304995072074234
1063	26.575	-10.5783422449604	0.031789179192856
1064	26.6	-10.5783422449604	0.031789179192856
1065	26.625	-10.5783422449604	0.0304995072074234
1066	26.65	-10.5783422449604	0.0304995072074234
1067	26.675	-10.5783422449604	0.0304995072074234
1068	26.7	-10.5783422449604	0.0304995072074234
1069	26.725	-10.5783422449604	0.0304995072074234
1070	26.75	-10.5783422449604	0.0304995072074234
1071	26.775	-10.5783422449604	0.0304995072074234
1072	26.8	-10.5783422449604	0.0304995072074234
1073	26.825	-10.5783422449604	0.0304995072074234
1074	26.85	-10.5783422449604	0.0304995072074234
1075	26.875	-10.5783422449604	0.031789179192856
1076	26.9	-10.5783422449604	0.0304995072074234
1077	26.925	-10.5783422449604	0.0304995072074234
1078	26.95	-10.5783422449604	0.0304995072074234
1079	26.975	-10.5783422449604	0.0304995072074234
1080	27	-10.5783422449604	0.031789179192856
1081	27.025	-10.5783422449604	0.0304995072074234
1082	27.05	-10.5783422449604	0.0304995072074234
1083	27.075	-10.5783422449604	0.031789179192856
1084	27.1	-10.5783422449604	0.0304995072074234
1085	27.125	-10.5783422449604	0.0304995072074234
1086	27.15	-10.5783422449604	0.031789179192856
1087	27.175	-10.5783422449604	0.031789179192856
1088	27.2	-10.5783422449604	0.0304995072074234
1089	27.225	-10.5783422449604	0.031789179192856
1090	27.25	-10.5783422449604	0.031789179192856
1091	27.275	-10.5783422449604	0.031789179192856
1092	27.3	-10.5783422449604	0.031789179192856
1093	27.325	-10.5783422449604	0.0304995072074234
1094	27.35	-10.5783422449604	0.031789179192856
1095	27.375	-10.5783422449604	0.0304995072074234
1096	27.4	-10.5783422449604	0.0304995072074234
1097	27.425	-10.5783422449604	0.0304995072074234
1098	27.45	-10.5783422449604	0.0304995072074234
1099	27.475	-10.5783422449604	0.0304995072074234
1100	27.5	-10.5783422449604	0.0304995072074234
1101	27.525	-10.5783422449604	0.031789179192856
1102	27.55	-10.5783422449604	0.031789179192856
1103	27.575	-10.5783422449604	0.0304995072074234
1104	27.6	-10.5783422449604	0.031789179192856
1105	27.625	-10.5783422449604	0.031789179192856
1106	27.65	-10.5783422449604	0.031789179192856
1107	27.675	-10.5783422449604	0.0304995072074234
1108	27.7	-10.5783422449604	0.0304995072074234
1109	27.725	-10.5783422449604	0.031789179192856
1110	27.75	-10.5783422449604	0.0304995072074234
1111	27.775	-10.5783422449604	0.031789179192856
1112	27.8	-10.5783422449604	0.0304995072074234
1113	27.825	-10.5783422449604	0.031789179192856
1114	27.85	-10.5783422449604	0.0304995072074234
1115	27.875	-10.5783422449604	0.031789179192856
1116	27.9	-10.5783422449604	0.0304995072074234
1117	27.925	-10.5783422449604	0.0304995072074234
1118	27.95	-10.5783422449604	0.0304995072074234
1119	27.975	-10.5783422449604	0.031789179192856
1120	28	-10.5783422449604	0.0304995072074234
1121	28.025	-10.5783422449604	0.0304995072074234
1122	28.05	-10.5783422449604	0.0304995072074234
1123	28.075	-10.5783422449604	0.031789179192856
1124	28.1	-10.5783422449604	0.031789179192856
1125	28.125	-10.5783422449604	0.031789179192856
1126	28.15	-10.5783422449604	0.0304995072074234
1127	28.175	-10.5783422449604	0.0304995072074234
1128	28.2	-10.5783422449604	0.0304995072074234
1129	28.225	-10.5783422449604	0.031789179192856
1130	28.25	-10.5783422449604	0.0304995072074234
1131	28.275	-10.5783422449604	0.0304995072074234
1132	28.3	-10.5783422449604	0.031789179192856
1133	28.325	-10.5783422449604	0.0304995072074234
1134	28.35	-10.5783422449604	0.031789179192856
1135	28.375	-10.5783422449604	0.0304995072074234
1136	28.4	-10.5783422449604	0.0304995072074234
1137	28.425	-10.5783422449604	0.0304995072074234
1138	28.45	-10.5783422449604	0.0304995072074234
1139	28.475	-10.5783422449604	0.0304995072074234
1140	28.5	-10.5783422449604	0.031789179192856
1141	28.525	-10.5783422449604	0.0304995072074234
1142	28.55	-10.5783422449604	0.0304995072074234
1143	28.575	-10.5783422449604	0.0304995072074234
1144	28.6	-10.5783422449604	0.031789179192856
1145	28.625	-10.5783422449604	0.0304995072074234
1146	28.65	-10.5783422449604	0.0304995072074234
1147	28.675	-10.5783422449604	0.031789179192856
