Number of measurement points: 1679
Sample Rate (Hz): 20
Low limit Ch0 (V): -10
Upper limit Ch0 (V): 10
Low limit Ch1 (V): -10
Upper limit Ch1 (V): 10

Index	Time[s]	Ch0[V]	Ch1[V]
0	0	-0.00174229242838919	0.774640242801979
1	0.05	-0.00174229242838919	0.774640242801979
2	0.1	-0.00174229242838919	0.774640242801979
3	0.15	-0.00174229242838919	0.773350570816547
4	0.2	-0.00174229242838919	0.772060898831114
5	0.25	-0.00174229242838919	0.772060898831114
6	0.3	-0.00174229242838919	0.770771226845682
7	0.35	-0.00174229242838919	0.769481554860249
8	0.4	-0.00174229242838919	0.768191882874817
9	0.45	-0.00174229242838919	0.768191882874817
10	0.5	-0.00174229242838919	0.766902210889384
11	0.55	-0.000452620442956686	0.766902210889384
12	0.6	-0.00174229242838919	0.765612538903952
13	0.65	-0.00174229242838919	0.764322866918519
14	0.7	-0.00174229242838919	0.763033194933087
15	0.75	-0.00174229242838919	0.763033194933087
16	0.8	-0.00174229242838919	0.761743522947654
17	0.85	-0.00174229242838919	0.760453850962222
18	0.9	-0.00174229242838919	0.759164178976789
19	0.95	-0.00174229242838919	0.759164178976789
20	1	-0.000452620442956686	0.757874506991357
21	1.05	-0.00174229242838919	0.757874506991357
22	1.1	-0.00174229242838919	0.755295163020492
23	1.15	-0.00174229242838919	0.754005491035059
24	1.2	-0.00174229242838919	0.754005491035059
25	1.25	-0.000452620442956686	0.752715819049627
26	1.3	-0.00174229242838919	0.752715819049627
27	1.35	-0.000452620442956686	0.751426147064194
28	1.4	-0.00174229242838919	0.750136475078762
29	1.45	-0.00174229242838919	0.748846803093329
30	1.5	-0.00174229242838919	0.747557131107897
31	1.55	-0.000452620442956686	0.747557131107897
32	1.6	-0.00174229242838919	0.746267459122464
33	1.65	-0.00174229242838919	0.744977787137032
34	1.7	-0.00174229242838919	0.744977787137032
35	1.75	-0.000452620442956686	0.743688115151599
36	1.8	-0.000452620442956686	0.742398443166167
37	1.85	-0.00174229242838919	0.741108771180734
38	1.9	-0.00174229242838919	0.741108771180734
39	1.95	-0.000452620442956686	0.739819099195302
40	2	-0.00174229242838919	0.739819099195302
41	2.05	-0.000452620442956686	0.738529427209869
42	2.1	-0.000452620442956686	0.737239755224437
43	2.15	-0.00174229242838919	0.737239755224437
44	2.2	-0.00174229242838919	0.735950083239004
45	2.25	-0.00174229242838919	0.734660411253572
46	2.3	-0.000452620442956686	0.732081067282706
47	2.35	-0.000452620442956686	0.732081067282706
48	2.4	-0.00174229242838919	0.730791395297274
49	2.45	-0.000452620442956686	0.730791395297274
50	2.5	-0.000452620442956686	0.729501723311841
51	2.55	-0.000452620442956686	0.729501723311841
52	2.6	-0.00174229242838919	0.728212051326409
53	2.65	-0.00174229242838919	0.726922379340976
54	2.7	-0.00174229242838919	0.726922379340976
55	2.75	-0.00174229242838919	0.725632707355544
56	2.8	-0.000452620442956686	0.725632707355544
57	2.85	-0.000452620442956686	0.724343035370111
58	2.9	-0.00174229242838919	0.724343035370111
59	2.95	-0.00174229242838919	0.723053363384679
60	3	-0.00174229242838919	0.723053363384679
61	3.05	-0.000452620442956686	0.721763691399246
62	3.1	-0.00174229242838919	0.720474019413814
63	3.15	-0.000452620442956686	0.720474019413814
64	3.2	-0.00174229242838919	0.719184347428381
65	3.25	-0.00174229242838919	0.719184347428381
66	3.3	-0.000452620442956686	0.717894675442949
67	3.35	-0.00174229242838919	0.716605003457516
68	3.4	-0.00174229242838919	0.716605003457516
69	3.45	-0.00174229242838919	0.715315331472084
70	3.5	-0.00174229242838919	0.715315331472084
71	3.55	-0.00174229242838919	0.714025659486651
72	3.6	-0.00174229242838919	0.712735987501219
73	3.65	-0.00174229242838919	0.712735987501219
74	3.7	-0.00174229242838919	0.711446315515786
75	3.75	-0.000452620442956686	0.711446315515786
76	3.8	-0.000452620442956686	0.710156643530354
77	3.85	-0.00174229242838919	0.710156643530354
78	3.9	-0.00174229242838919	0.708866971544921
79	3.95	-0.00174229242838919	0.708866971544921
80	4	-0.00174229242838919	0.707577299559489
81	4.05	-0.00174229242838919	0.706287627574056
82	4.1	-0.00174229242838919	0.706287627574056
83	4.15	-0.00174229242838919	0.704997955588624
84	4.2	-0.00174229242838919	0.704997955588624
85	4.25	-0.00174229242838919	0.704997955588624
86	4.3	-0.00174229242838919	0.703708283603191
87	4.35	-0.00174229242838919	0.702418611617759
88	4.4	-0.00174229242838919	0.701128939632326
89	4.45	-0.00174229242838919	0.701128939632326
90	4.5	-0.00174229242838919	0.701128939632326
91	4.55	-0.00174229242838919	0.701128939632326
92	4.6	-0.00174229242838919	0.698549595661461
93	4.65	-0.00174229242838919	0.698549595661461
94	4.7	-0.000452620442956686	0.697259923676029
95	4.75	-0.00174229242838919	0.697259923676029
96	4.8	-0.00174229242838919	0.695970251690596
97	4.85	-0.00174229242838919	0.695970251690596
98	4.9	-0.00174229242838919	0.695970251690596
99	4.95	-0.000452620442956686	0.694680579705164
100	5	-0.00174229242838919	0.694680579705164
101	5.05	-0.00174229242838919	0.694680579705164
102	5.1	-0.00174229242838919	0.693390907719731
103	5.15	-0.00174229242838919	0.692101235734299
104	5.2	-0.00174229242838919	0.692101235734299
105	5.25	-0.000452620442956686	0.692101235734299
106	5.3	-0.00174229242838919	0.690811563748866
107	5.35	-0.00174229242838919	0.689521891763434
108	5.4	-0.00174229242838919	0.689521891763434
109	5.45	-0.00174229242838919	0.688232219778001
110	5.5	-0.00174229242838919	0.688232219778001
111	5.55	-0.000452620442956686	0.686942547792569
112	5.6	-0.00174229242838919	0.685652875807136
113	5.65	-0.00174229242838919	0.685652875807136
114	5.7	-0.000452620442956686	0.685652875807136
115	5.75	-0.00174229242838919	0.684363203821704
116	5.8	-0.000452620442956686	0.683073531836271
117	5.85	-0.000452620442956686	0.683073531836271
118	5.9	-0.000452620442956686	0.681783859850839
119	5.95	-0.000452620442956686	0.680494187865406
120	6	-0.00174229242838919	0.679204515879974
121	6.05	-0.000452620442956686	0.677914843894541
122	6.1	-0.000452620442956686	0.677914843894541
123	6.15	-0.00174229242838919	0.676625171909109
124	6.2	-0.00174229242838919	0.675335499923676
125	6.25	-0.000452620442956686	0.674045827938244
126	6.3	-0.000452620442956686	0.674045827938244
127	6.35	-0.000452620442956686	0.672756155952811
128	6.4	-0.00174229242838919	0.671466483967379
129	6.45	-0.00174229242838919	0.671466483967379
130	6.5	-0.000452620442956686	0.670176811981946
131	6.55	-0.00174229242838919	0.670176811981946
132	6.6	-0.00174229242838919	0.668887139996514
133	6.65	-0.00174229242838919	0.667597468011081
134	6.7	-0.00174229242838919	0.667597468011081
135	6.75	-0.00174229242838919	0.666307796025649
136	6.8	-0.000452620442956686	0.666307796025649
137	6.85	-0.00174229242838919	0.665018124040216
138	6.9	-0.000452620442956686	0.663728452054784
139	6.95	-0.00174229242838919	0.663728452054784
140	7	-0.00174229242838919	0.662438780069351
141	7.05	-0.000452620442956686	0.662438780069351
142	7.1	-0.00174229242838919	0.661149108083919
143	7.15	-0.00174229242838919	0.661149108083919
144	7.2	-0.00174229242838919	0.659859436098486
145	7.25	-0.00174229242838919	0.658569764113054
146	7.3	-0.00174229242838919	0.658569764113054
147	7.35	-0.00174229242838919	0.657280092127621
148	7.4	-0.000452620442956686	0.657280092127621
149	7.45	-0.00174229242838919	0.657280092127621
150	7.5	-0.00174229242838919	0.655990420142189
151	7.55	-0.00174229242838919	0.655990420142189
152	7.6	-0.00174229242838919	0.653411076171324
153	7.65	-0.00174229242838919	0.653411076171324
154	7.7	-0.00174229242838919	0.652121404185891
155	7.75	-0.000452620442956686	0.652121404185891
156	7.8	-0.00174229242838919	0.649542060215026
157	7.85	-0.00174229242838919	0.648252388229594
158	7.9	-0.00174229242838919	0.648252388229594
159	7.95	-0.00174229242838919	0.646962716244161
160	8	-0.00174229242838919	0.645673044258729
161	8.05	-0.00174229242838919	0.645673044258729
162	8.1	-0.00174229242838919	0.644383372273296
163	8.15	-0.00174229242838919	0.643093700287864
164	8.2	-0.0030319644138217	0.641804028302431
165	8.25	-0.00174229242838919	0.640514356316999
166	8.3	-0.00174229242838919	0.640514356316999
167	8.35	-0.00174229242838919	0.639224684331566
168	8.4	-0.00174229242838919	0.637935012346134
169	8.45	-0.00174229242838919	0.636645340360701
170	8.5	-0.00174229242838919	0.635355668375269
171	8.55	-0.00174229242838919	0.635355668375269
172	8.6	-0.00174229242838919	0.634065996389836
173	8.65	-0.00174229242838919	0.632776324404404
174	8.7	-0.00174229242838919	0.631486652418971
175	8.75	-0.00174229242838919	0.631486652418971
176	8.8	-0.00174229242838919	0.630196980433539
177	8.85	-0.00174229242838919	0.628907308448106
178	8.9	-0.00174229242838919	0.628907308448106
179	8.95	-0.00174229242838919	0.627617636462674
180	9	-0.00174229242838919	0.626327964477241
181	9.05	-0.00174229242838919	0.626327964477241
182	9.1	-0.00174229242838919	0.625038292491809
183	9.15	-0.00174229242838919	0.623748620506376
184	9.2	-0.00174229242838919	0.623748620506376
185	9.25	-0.00174229242838919	0.622458948520944
186	9.3	-0.00174229242838919	0.621169276535511
187	9.35	-0.00174229242838919	0.621169276535511
188	9.4	-0.00174229242838919	0.619879604550079
189	9.45	-0.00174229242838919	0.618589932564646
190	9.5	-0.00174229242838919	0.618589932564646
191	9.55	-0.00174229242838919	0.618589932564646
192	9.6	-0.00174229242838919	0.617300260579214
193	9.65	-0.00174229242838919	0.616010588593781
194	9.7	-0.00174229242838919	0.616010588593781
195	9.75	-0.00174229242838919	0.614720916608348
196	9.8	-0.00174229242838919	0.614720916608348
197	9.85	-0.00174229242838919	0.613431244622916
198	9.9	-0.00174229242838919	0.612141572637483
199	9.95	-0.000452620442956686	0.612141572637483
200	10	-0.00174229242838919	0.610851900652051
201	10.05	-0.00174229242838919	0.610851900652051
202	10.1	-0.00174229242838919	0.610851900652051
203	10.15	-0.00174229242838919	0.609562228666618
204	10.2	-0.000452620442956686	0.608272556681186
205	10.25	-0.00174229242838919	0.608272556681186
206	10.3	-0.00174229242838919	0.606982884695753
207	10.35	-0.00174229242838919	0.605693212710321
208	10.4	-0.000452620442956686	0.605693212710321
209	10.45	-0.00174229242838919	0.604403540724888
210	10.5	-0.00174229242838919	0.604403540724888
211	10.55	-0.00174229242838919	0.603113868739456
212	10.6	-0.000452620442956686	0.603113868739456
213	10.65	-0.000452620442956686	0.601824196754023
214	10.7	-0.00174229242838919	0.601824196754023
215	10.75	-0.000452620442956686	0.600534524768591
216	10.8	-0.00174229242838919	0.599244852783158
217	10.85	-0.00174229242838919	0.599244852783158
218	10.9	-0.000452620442956686	0.599244852783158
219	10.95	-0.000452620442956686	0.597955180797726
220	11	-0.00174229242838919	0.596665508812293
221	11.05	-0.000452620442956686	0.596665508812293
222	11.1	-0.00174229242838919	0.595375836826861
223	11.15	-0.000452620442956686	0.595375836826861
224	11.2	-0.000452620442956686	0.595375836826861
225	11.25	-0.00174229242838919	0.594086164841428
226	11.3	-0.00174229242838919	0.592796492855996
227	11.35	-0.000452620442956686	0.592796492855996
228	11.4	-0.00174229242838919	0.591506820870563
229	11.45	-0.00174229242838919	0.591506820870563
230	11.5	-0.000452620442956686	0.590217148885131
231	11.55	-0.00174229242838919	0.590217148885131
232	11.6	-0.000452620442956686	0.590217148885131
233	11.65	-0.000452620442956686	0.588927476899698
234	11.7	-0.000452620442956686	0.588927476899698
235	11.75	-0.00174229242838919	0.587637804914266
236	11.8	-0.000452620442956686	0.587637804914266
237	11.85	-0.000452620442956686	0.587637804914266
238	11.9	-0.00174229242838919	0.586348132928833
239	11.95	-0.000452620442956686	0.585058460943401
240	12	-0.00174229242838919	0.585058460943401
241	12.05	-0.00174229242838919	0.585058460943401
242	12.1	-0.00174229242838919	0.583768788957968
243	12.15	-0.00174229242838919	0.583768788957968
244	12.2	-0.000452620442956686	0.582479116972536
245	12.25	-0.00174229242838919	0.581189444987103
246	12.3	-0.000452620442956686	0.581189444987103
247	12.35	-0.00174229242838919	0.581189444987103
248	12.4	-0.000452620442956686	0.581189444987103
249	12.45	-0.00174229242838919	0.579899773001671
250	12.5	-0.00174229242838919	0.578610101016238
251	12.55	-0.00174229242838919	0.578610101016238
252	12.6	-0.00174229242838919	0.577320429030806
253	12.65	-0.00174229242838919	0.576030757045373
254	12.7	-0.000452620442956686	0.576030757045373
255	12.75	-0.00174229242838919	0.576030757045373
256	12.8	-0.00174229242838919	0.574741085059941
257	12.85	-0.00174229242838919	0.574741085059941
258	12.9	-0.00174229242838919	0.573451413074508
259	12.95	-0.00174229242838919	0.572161741089076
260	13	-0.00174229242838919	0.572161741089076
261	13.05	-0.00174229242838919	0.570872069103643
262	13.1	-0.00174229242838919	0.569582397118211
263	13.15	-0.00174229242838919	0.569582397118211
264	13.2	-0.00174229242838919	0.568292725132778
265	13.25	-0.00174229242838919	0.567003053147346
266	13.3	-0.00174229242838919	0.565713381161913
267	13.35	-0.00174229242838919	0.565713381161913
268	13.4	-0.00174229242838919	0.564423709176481
269	13.45	-0.00174229242838919	0.563134037191048
270	13.5	-0.00174229242838919	0.563134037191048
271	13.55	-0.00174229242838919	0.561844365205616
272	13.6	-0.00174229242838919	0.561844365205616
273	13.65	-0.00174229242838919	0.561844365205616
274	13.7	-0.00174229242838919	0.560554693220183
275	13.75	-0.00174229242838919	0.559265021234751
276	13.8	-0.00174229242838919	0.559265021234751
277	13.85	-0.00174229242838919	0.559265021234751
278	13.9	-0.00174229242838919	0.557975349249318
279	13.95	-0.00174229242838919	0.557975349249318
280	14	-0.000452620442956686	0.556685677263886
281	14.05	-0.00174229242838919	0.556685677263886
282	14.1	-0.00174229242838919	0.555396005278453
283	14.15	-0.00174229242838919	0.554106333293021
284	14.2	-0.00174229242838919	0.554106333293021
285	14.25	-0.00174229242838919	0.554106333293021
286	14.3	-0.000452620442956686	0.552816661307588
287	14.35	-0.000452620442956686	0.552816661307588
288	14.4	-0.00174229242838919	0.551526989322156
289	14.45	-0.00174229242838919	0.551526989322156
290	14.5	-0.00174229242838919	0.550237317336723
291	14.55	-0.00174229242838919	0.548947645351291
292	14.6	-0.00174229242838919	0.548947645351291
293	14.65	-0.00174229242838919	0.547657973365858
294	14.7	-0.00174229242838919	0.547657973365858
295	14.75	-0.00174229242838919	0.546368301380426
296	14.8	-0.00174229242838919	0.545078629394993
297	14.85	-0.00174229242838919	0.545078629394993
298	14.9	-0.00174229242838919	0.543788957409561
299	14.95	-0.00174229242838919	0.543788957409561
300	15	-0.00174229242838919	0.542499285424128
301	15.05	-0.00174229242838919	0.542499285424128
302	15.1	-0.000452620442956686	0.541209613438696
303	15.15	-0.000452620442956686	0.541209613438696
304	15.2	-0.00174229242838919	0.539919941453263
305	15.25	-0.000452620442956686	0.539919941453263
306	15.3	-0.00174229242838919	0.539919941453263
307	15.35	-0.000452620442956686	0.538630269467831
308	15.4	-0.00174229242838919	0.538630269467831
309	15.45	-0.00174229242838919	0.537340597482398
310	15.5	-0.00174229242838919	0.537340597482398
311	15.55	-0.00174229242838919	0.536050925496966
312	15.6	-0.000452620442956686	0.536050925496966
313	15.65	-0.00174229242838919	0.534761253511533
314	15.7	-0.000452620442956686	0.533471581526101
315	15.75	-0.00174229242838919	0.532181909540668
316	15.8	-0.000452620442956686	0.532181909540668
317	15.85	-0.00174229242838919	0.530892237555236
318	15.9	-0.00174229242838919	0.530892237555236
319	15.95	-0.00174229242838919	0.529602565569803
320	16	-0.000452620442956686	0.529602565569803
321	16.05	-0.000452620442956686	0.528312893584371
322	16.1	-0.00174229242838919	0.528312893584371
323	16.15	-0.00174229242838919	0.527023221598938
324	16.2	-0.00174229242838919	0.527023221598938
325	16.25	-0.00174229242838919	0.527023221598938
326	16.3	-0.00174229242838919	0.524443877628073
327	16.35	-0.00174229242838919	0.524443877628073
328	16.4	-0.00174229242838919	0.524443877628073
329	16.45	-0.000452620442956686	0.523154205642641
330	16.5	-0.000452620442956686	0.521864533657208
331	16.55	-0.000452620442956686	0.520574861671776
332	16.6	-0.00174229242838919	0.520574861671776
333	16.65	-0.000452620442956686	0.519285189686343
334	16.7	-0.000452620442956686	0.517995517700911
335	16.75	-0.00174229242838919	0.517995517700911
336	16.8	-0.00174229242838919	0.516705845715478
337	16.85	-0.00174229242838919	0.516705845715478
338	16.9	-0.000452620442956686	0.515416173730046
339	16.95	-0.00174229242838919	0.515416173730046
340	17	-0.00174229242838919	0.515416173730046
341	17.05	-0.00174229242838919	0.515416173730046
342	17.1	-0.00174229242838919	0.512836829759181
343	17.15	-0.00174229242838919	0.512836829759181
344	17.2	-0.00174229242838919	0.511547157773748
345	17.25	-0.00174229242838919	0.511547157773748
346	17.3	-0.00174229242838919	0.510257485788316
347	17.35	-0.0030319644138217	0.508967813802883
348	17.4	-0.0030319644138217	0.508967813802883
349	17.45	-0.0030319644138217	0.507678141817451
350	17.5	-0.00174229242838919	0.507678141817451
351	17.55	-0.0030319644138217	0.506388469832018
352	17.6	-0.00174229242838919	0.506388469832018
353	17.65	-0.00174229242838919	0.505098797846586
354	17.7	-0.00174229242838919	0.503809125861153
355	17.75	-0.0030319644138217	0.503809125861153
356	17.8	-0.00174229242838919	0.502519453875721
357	17.85	-0.00174229242838919	0.502519453875721
358	17.9	-0.00174229242838919	0.501229781890288
359	17.95	-0.00174229242838919	0.501229781890288
360	18	-0.0030319644138217	0.499940109904855
361	18.05	-0.00174229242838919	0.499940109904855
362	18.1	-0.0030319644138217	0.498650437919423
363	18.15	-0.00174229242838919	0.498650437919423
364	18.2	-0.0030319644138217	0.49736076593399
365	18.25	-0.0030319644138217	0.496071093948558
366	18.3	-0.00174229242838919	0.496071093948558
367	18.35	-0.00174229242838919	0.494781421963125
368	18.4	-0.0030319644138217	0.494781421963125
369	18.45	-0.0030319644138217	0.493491749977693
370	18.5	-0.00174229242838919	0.49220207799226
371	18.55	-0.0030319644138217	0.49220207799226
372	18.6	-0.0030319644138217	0.49220207799226
373	18.65	-0.00174229242838919	0.490912406006828
374	18.7	-0.00174229242838919	0.489622734021395
375	18.75	-0.0030319644138217	0.489622734021395
376	18.8	-0.00174229242838919	0.488333062035963
377	18.85	-0.0030319644138217	0.488333062035963
378	18.9	-0.00174229242838919	0.48704339005053
379	18.95	-0.0030319644138217	0.48704339005053
380	19	-0.0030319644138217	0.48704339005053
381	19.05	-0.0030319644138217	0.485753718065098
382	19.1	-0.00174229242838919	0.484464046079665
383	19.15	-0.00174229242838919	0.484464046079665
384	19.2	-0.00174229242838919	0.483174374094233
385	19.25	-0.0030319644138217	0.483174374094233
386	19.3	-0.0030319644138217	0.4818847021088
387	19.35	-0.0030319644138217	0.4818847021088
388	19.4	-0.00174229242838919	0.4818847021088
389	19.45	-0.00174229242838919	0.479305358137935
390	19.5	-0.00174229242838919	0.479305358137935
391	19.55	-0.00174229242838919	0.479305358137935
392	19.6	-0.00174229242838919	0.478015686152503
393	19.65	-0.00174229242838919	0.47672601416707
394	19.7	-0.00174229242838919	0.47672601416707
395	19.75	-0.00174229242838919	0.47672601416707
396	19.8	-0.00174229242838919	0.475436342181638
397	19.85	-0.00174229242838919	0.474146670196205
398	19.9	-0.00174229242838919	0.474146670196205
399	19.95	-0.00174229242838919	0.472856998210773
400	20	-0.00174229242838919	0.47156732622534
401	20.05	-0.00174229242838919	0.47156732622534
402	20.1	-0.00174229242838919	0.47156732622534
403	20.15	-0.00174229242838919	0.47156732622534
404	20.2	-0.00174229242838919	0.470277654239908
405	20.25	-0.00174229242838919	0.468987982254475
406	20.3	-0.00174229242838919	0.467698310269043
407	20.35	-0.00174229242838919	0.467698310269043
408	20.4	-0.000452620442956686	0.46640863828361
409	20.45	-0.00174229242838919	0.46640863828361
410	20.5	-0.00174229242838919	0.465118966298178
411	20.55	-0.00174229242838919	0.465118966298178
412	20.6	-0.00174229242838919	0.463829294312745
413	20.65	-0.00174229242838919	0.463829294312745
414	20.7	-0.00174229242838919	0.462539622327313
415	20.75	-0.00174229242838919	0.46124995034188
416	20.8	-0.000452620442956686	0.459960278356448
417	20.85	-0.00174229242838919	0.459960278356448
418	20.9	-0.00174229242838919	0.458670606371015
419	20.95	-0.00174229242838919	0.457380934385583
420	21	-0.00174229242838919	0.457380934385583
421	21.05	-0.00174229242838919	0.45609126240015
422	21.1	-0.00174229242838919	0.45609126240015
423	21.15	-0.00174229242838919	0.454801590414718
424	21.2	-0.00174229242838919	0.453511918429285
425	21.25	-0.00174229242838919	0.453511918429285
426	21.3	-0.00174229242838919	0.452222246443853
427	21.35	-0.000452620442956686	0.45093257445842
428	21.4	-0.00174229242838919	0.45093257445842
429	21.45	-0.000452620442956686	0.448353230487555
430	21.5	-0.00174229242838919	0.449642902472988
431	21.55	-0.00174229242838919	0.447063558502123
432	21.6	-0.00174229242838919	0.447063558502123
433	21.65	-0.00174229242838919	0.447063558502123
434	21.7	-0.00174229242838919	0.44577388651669
435	21.75	-0.00174229242838919	0.444484214531258
436	21.8	-0.00174229242838919	0.444484214531258
437	21.85	-0.00174229242838919	0.441904870560393
438	21.9	-0.00174229242838919	0.441904870560393
439	21.95	-0.00174229242838919	0.44061519857496
440	22	-0.00174229242838919	0.439325526589528
441	22.05	-0.00174229242838919	0.438035854604095
442	22.1	-0.00174229242838919	0.438035854604095
443	22.15	-0.00174229242838919	0.436746182618663
444	22.2	-0.00174229242838919	0.43545651063323
445	22.25	-0.00174229242838919	0.43545651063323
446	22.3	-0.00174229242838919	0.434166838647798
447	22.35	-0.00174229242838919	0.432877166662365
448	22.4	-0.0030319644138217	0.431587494676933
449	22.45	-0.00174229242838919	0.431587494676933
450	22.5	-0.00174229242838919	0.4302978226915
451	22.55	-0.0030319644138217	0.429008150706068
452	22.6	-0.00174229242838919	0.429008150706068
453	22.65	-0.0030319644138217	0.427718478720635
454	22.7	-0.0030319644138217	0.427718478720635
455	22.75	-0.00174229242838919	0.426428806735203
456	22.8	-0.0030319644138217	0.42513913474977
457	22.85	-0.00174229242838919	0.42513913474977
458	22.9	-0.0030319644138217	0.423849462764338
459	22.95	-0.0030319644138217	0.423849462764338
460	23	-0.0030319644138217	0.422559790778905
461	23.05	-0.00174229242838919	0.421270118793473
462	23.1	-0.0030319644138217	0.421270118793473
463	23.15	-0.00174229242838919	0.41998044680804
464	23.2	-0.00174229242838919	0.41998044680804
465	23.25	-0.00174229242838919	0.418690774822608
466	23.3	-0.00174229242838919	0.418690774822608
467	23.35	-0.0030319644138217	0.417401102837175
468	23.4	-0.00174229242838919	0.416111430851743
469	23.45	-0.00174229242838919	0.41482175886631
470	23.5	-0.00174229242838919	0.41482175886631
471	23.55	-0.00174229242838919	0.41482175886631
472	23.6	-0.00174229242838919	0.413532086880878
473	23.65	-0.00174229242838919	0.413532086880878
474	23.7	-0.00174229242838919	0.412242414895445
475	23.75	-0.00174229242838919	0.410952742910013
476	23.8	-0.00174229242838919	0.410952742910013
477	23.85	-0.00174229242838919	0.410952742910013
478	23.9	-0.00174229242838919	0.40966307092458
479	23.95	-0.00174229242838919	0.408373398939148
480	24	-0.00174229242838919	0.408373398939148
481	24.05	-0.00174229242838919	0.407083726953715
482	24.1	-0.00174229242838919	0.407083726953715
483	24.15	-0.00174229242838919	0.405794054968283
484	24.2	-0.00174229242838919	0.40450438298285
485	24.25	-0.00174229242838919	0.403214710997418
486	24.3	-0.00174229242838919	0.403214710997418
487	24.35	-0.00174229242838919	0.401925039011985
488	24.4	-0.00174229242838919	0.401925039011985
489	24.45	-0.00174229242838919	0.400635367026553
490	24.5	-0.00174229242838919	0.39934569504112
491	24.55	-0.00174229242838919	0.39934569504112
492	24.6	-0.00174229242838919	0.398056023055688
493	24.65	-0.000452620442956686	0.396766351070255
494	24.7	-0.00174229242838919	0.396766351070255
495	24.75	-0.00174229242838919	0.395476679084823
496	24.8	-0.00174229242838919	0.395476679084823
497	24.85	-0.00174229242838919	0.39418700709939
498	24.9	-0.00174229242838919	0.392897335113958
499	24.95	-0.00174229242838919	0.392897335113958
500	25	-0.00174229242838919	0.392897335113958
501	25.05	-0.00174229242838919	0.390317991143093
502	25.1	-0.00174229242838919	0.390317991143093
503	25.15	-0.00174229242838919	0.390317991143093
504	25.2	-0.00174229242838919	0.38902831915766
505	25.25	-0.00174229242838919	0.387738647172228
506	25.3	-0.00174229242838919	0.387738647172228
507	25.35	-0.00174229242838919	0.386448975186795
508	25.4	-0.00174229242838919	0.385159303201362
509	25.45	-0.00174229242838919	0.385159303201362
510	25.5	-0.00174229242838919	0.38386963121593
511	25.55	-0.00174229242838919	0.38386963121593
512	25.6	-0.00174229242838919	0.382579959230497
513	25.65	-0.00174229242838919	0.381290287245065
514	25.7	-0.00174229242838919	0.380000615259632
515	25.75	-0.0030319644138217	0.380000615259632
516	25.8	-0.00174229242838919	0.3787109432742
517	25.85	-0.0030319644138217	0.377421271288767
518	25.9	-0.00174229242838919	0.377421271288767
519	25.95	-0.0030319644138217	0.376131599303335
520	26	-0.0030319644138217	0.374841927317902
521	26.05	-0.00174229242838919	0.37355225533247
522	26.1	-0.00174229242838919	0.372262583347037
523	26.15	-0.0030319644138217	0.370972911361605
524	26.2	-0.0030319644138217	0.369683239376172
525	26.25	-0.0030319644138217	0.36839356739074
526	26.3	-0.0030319644138217	0.36839356739074
527	26.35	-0.0030319644138217	0.36839356739074
528	26.4	-0.0030319644138217	0.367103895405307
529	26.45	-0.0043216363992542	0.365814223419875
530	26.5	-0.0030319644138217	0.364524551434442
531	26.55	-0.0030319644138217	0.36323487944901
532	26.6	-0.0030319644138217	0.36323487944901
533	26.65	-0.0030319644138217	0.361945207463577
534	26.7	-0.0030319644138217	0.360655535478145
535	26.75	-0.0030319644138217	0.360655535478145
536	26.8	-0.0030319644138217	0.359365863492712
537	26.85	-0.0030319644138217	0.35807619150728
538	26.9	-0.0030319644138217	0.356786519521847
539	26.95	-0.0030319644138217	0.356786519521847
540	27	-0.0030319644138217	0.354207175550982
541	27.05	-0.0030319644138217	0.354207175550982
542	27.1	-0.00174229242838919	0.35291750356555
543	27.15	-0.0030319644138217	0.351627831580117
544	27.2	-0.0030319644138217	0.351627831580117
545	27.25	-0.0030319644138217	0.350338159594685
546	27.3	-0.0030319644138217	0.349048487609252
547	27.35	-0.0030319644138217	0.34775881562382
548	27.4	-0.0030319644138217	0.346469143638387
549	27.45	-0.0030319644138217	0.346469143638387
550	27.5	-0.0030319644138217	0.345179471652955
551	27.55	-0.00174229242838919	0.343889799667522
552	27.6	-0.0030319644138217	0.34260012768209
553	27.65	-0.00174229242838919	0.34260012768209
554	27.7	-0.0030319644138217	0.341310455696657
555	27.75	-0.00174229242838919	0.340020783711225
556	27.8	-0.0030319644138217	0.338731111725792
557	27.85	-0.00174229242838919	0.338731111725792
558	27.9	-0.00174229242838919	0.33744143974036
559	27.95	-0.00174229242838919	0.33744143974036
560	28	-0.00174229242838919	0.336151767754927
561	28.05	-0.00174229242838919	0.334862095769495
562	28.1	-0.00174229242838919	0.333572423784062
563	28.15	-0.00174229242838919	0.333572423784062
564	28.2	-0.000452620442956686	0.33228275179863
565	28.25	-0.00174229242838919	0.330993079813197
566	28.3	-0.00174229242838919	0.330993079813197
567	28.35	-0.000452620442956686	0.329703407827765
568	28.4	-0.00174229242838919	0.328413735842332
569	28.45	-0.00174229242838919	0.328413735842332
570	28.5	-0.00174229242838919	0.3271240638569
571	28.55	-0.00174229242838919	0.3271240638569
572	28.6	-0.00174229242838919	0.325834391871467
573	28.65	-0.00174229242838919	0.324544719886035
574	28.7	-0.00174229242838919	0.324544719886035
575	28.75	-0.00174229242838919	0.323255047900602
576	28.8	-0.00174229242838919	0.323255047900602
577	28.85	-0.00174229242838919	0.32196537591517
578	28.9	-0.00174229242838919	0.32196537591517
579	28.95	-0.00174229242838919	0.320675703929737
580	29	-0.00174229242838919	0.319386031944305
581	29.05	-0.00174229242838919	0.320675703929737
582	29.1	-0.00174229242838919	0.319386031944305
583	29.15	-0.00174229242838919	0.318096359958872
584	29.2	-0.00174229242838919	0.31680668797344
585	29.25	-0.00174229242838919	0.31680668797344
586	29.3	-0.00174229242838919	0.31680668797344
587	29.35	-0.0030319644138217	0.315517015988007
588	29.4	-0.0030319644138217	0.314227344002575
589	29.45	-0.00174229242838919	0.314227344002575
590	29.5	-0.0030319644138217	0.312937672017142
591	29.55	-0.00174229242838919	0.312937672017142
592	29.6	-0.0030319644138217	0.31164800003171
593	29.65	-0.0030319644138217	0.310358328046277
594	29.7	-0.0030319644138217	0.310358328046277
595	29.75	-0.0030319644138217	0.309068656060845
596	29.8	-0.0030319644138217	0.309068656060845
597	29.85	-0.0030319644138217	0.307778984075412
598	29.9	-0.0030319644138217	0.30648931208998
599	29.95	-0.0030319644138217	0.30648931208998
600	30	-0.0043216363992542	0.305199640104547
601	30.05	-0.0043216363992542	0.303909968119115
602	30.1	-0.0043216363992542	0.303909968119115
603	30.15	-0.0043216363992542	0.303909968119115
604	30.2	-0.0043216363992542	0.30133062414825
605	30.25	-0.0043216363992542	0.30133062414825
606	30.3	-0.0043216363992542	0.30133062414825
607	30.35	-0.0043216363992542	0.300040952162817
608	30.4	-0.00561130838468671	0.300040952162817
609	30.45	-0.00561130838468671	0.298751280177385
610	30.5	-0.0043216363992542	0.297461608191952
611	30.55	-0.0043216363992542	0.297461608191952
612	30.6	-0.0043216363992542	0.29617193620652
613	30.65	-0.00561130838468671	0.294882264221087
614	30.7	-0.00561130838468671	0.294882264221087
615	30.75	-0.00561130838468671	0.293592592235655
616	30.8	-0.00561130838468671	0.292302920250222
617	30.85	-0.0043216363992542	0.292302920250222
618	30.9	-0.00561130838468671	0.29101324826479
619	30.95	-0.0043216363992542	0.29101324826479
620	31	-0.00561130838468671	0.289723576279357
621	31.05	-0.00561130838468671	0.288433904293925
622	31.1	-0.00561130838468671	0.288433904293925
623	31.15	-0.00561130838468671	0.287144232308492
624	31.2	-0.0043216363992542	0.28585456032306
625	31.25	-0.00561130838468671	0.28585456032306
626	31.3	-0.0043216363992542	0.284564888337627
627	31.35	-0.0043216363992542	0.283275216352195
628	31.4	-0.00561130838468671	0.283275216352195
629	31.45	-0.00561130838468671	0.28069587238133
630	31.5	-0.0043216363992542	0.28069587238133
631	31.55	-0.0043216363992542	0.279406200395897
632	31.6	-0.0030319644138217	0.278116528410465
633	31.65	-0.0043216363992542	0.278116528410465
634	31.7	-0.0043216363992542	0.276826856425032
635	31.75	-0.0043216363992542	0.276826856425032
636	31.8	-0.0043216363992542	0.2755371844396
637	31.85	-0.0043216363992542	0.274247512454167
638	31.9	-0.0030319644138217	0.274247512454167
639	31.95	-0.0043216363992542	0.272957840468735
640	32	-0.0030319644138217	0.271668168483302
641	32.05	-0.0030319644138217	0.270378496497869
642	32.1	-0.0030319644138217	0.270378496497869
643	32.15	-0.0030319644138217	0.269088824512437
644	32.2	-0.0030319644138217	0.267799152527004
645	32.25	-0.00174229242838919	0.266509480541572
646	32.3	-0.0030319644138217	0.265219808556139
647	32.35	-0.00174229242838919	0.265219808556139
648	32.4	-0.00174229242838919	0.265219808556139
649	32.45	-0.0030319644138217	0.263930136570707
650	32.5	-0.00174229242838919	0.262640464585274
651	32.55	-0.00174229242838919	0.262640464585274
652	32.6	-0.00174229242838919	0.261350792599842
653	32.65	-0.00174229242838919	0.260061120614409
654	32.7	-0.00174229242838919	0.260061120614409
655	32.75	-0.00174229242838919	0.258771448628977
656	32.8	-0.00174229242838919	0.258771448628977
657	32.85	-0.00174229242838919	0.257481776643544
658	32.9	-0.00174229242838919	0.257481776643544
659	32.95	-0.00174229242838919	0.256192104658112
660	33	-0.00174229242838919	0.256192104658112
661	33.05	-0.00174229242838919	0.253612760687247
662	33.1	-0.00174229242838919	0.252323088701814
663	33.15	-0.000452620442956686	0.252323088701814
664	33.2	-0.00174229242838919	0.251033416716382
665	33.25	-0.00174229242838919	0.249743744730949
666	33.3	-0.00174229242838919	0.248454072745517
667	33.35	-0.00174229242838919	0.248454072745517
668	33.4	-0.00174229242838919	0.247164400760084
669	33.45	-0.00174229242838919	0.245874728774652
670	33.5	-0.0030319644138217	0.243295384803787
671	33.55	-0.00174229242838919	0.243295384803787
672	33.6	-0.00174229242838919	0.242005712818354
673	33.65	-0.0030319644138217	0.242005712818354
674	33.7	-0.0030319644138217	0.240716040832922
675	33.75	-0.00174229242838919	0.239426368847489
676	33.8	-0.00174229242838919	0.238136696862057
677	33.85	-0.0030319644138217	0.236847024876624
678	33.9	-0.0030319644138217	0.236847024876624
679	33.95	-0.0030319644138217	0.235557352891192
680	34	-0.00174229242838919	0.234267680905759
681	34.05	-0.0043216363992542	0.234267680905759
682	34.1	-0.0030319644138217	0.232978008920327
683	34.15	-0.0030319644138217	0.231688336934894
684	34.2	-0.0043216363992542	0.231688336934894
685	34.25	-0.0043216363992542	0.230398664949462
686	34.3	-0.0030319644138217	0.230398664949462
687	34.35	-0.0043216363992542	0.229108992964029
688	34.4	-0.0043216363992542	0.227819320978597
689	34.45	-0.0043216363992542	0.226529648993164
690	34.5	-0.0043216363992542	0.225239977007732
691	34.55	-0.0043216363992542	0.225239977007732
692	34.6	-0.00561130838468671	0.223950305022299
693	34.65	-0.0043216363992542	0.222660633036867
694	34.7	-0.0043216363992542	0.222660633036867
695	34.75	-0.0043216363992542	0.221370961051434
696	34.8	-0.0043216363992542	0.220081289066002
697	34.85	-0.0043216363992542	0.218791617080569
698	34.9	-0.0043216363992542	0.218791617080569
699	34.95	-0.00561130838468671	0.218791617080569
700	35	-0.0043216363992542	0.217501945095137
701	35.05	-0.00561130838468671	0.216212273109704
702	35.1	-0.0043216363992542	0.214922601124272
703	35.15	-0.0043216363992542	0.214922601124272
704	35.2	-0.0043216363992542	0.213632929138839
705	35.25	-0.00561130838468671	0.212343257153407
706	35.3	-0.0043216363992542	0.211053585167974
707	35.35	-0.0043216363992542	0.211053585167974
708	35.4	-0.0043216363992542	0.209763913182542
709	35.45	-0.00561130838468671	0.209763913182542
710	35.5	-0.0043216363992542	0.208474241197109
711	35.55	-0.0043216363992542	0.207184569211677
712	35.6	-0.0030319644138217	0.207184569211677
713	35.65	-0.0043216363992542	0.205894897226244
714	35.7	-0.0030319644138217	0.204605225240812
715	35.75	-0.0043216363992542	0.203315553255379
716	35.8	-0.0030319644138217	0.202025881269947
717	35.85	-0.0030319644138217	0.202025881269947
718	35.9	-0.0030319644138217	0.200736209284514
719	35.95	-0.0030319644138217	0.200736209284514
720	36	-0.0030319644138217	0.199446537299082
721	36.05	-0.0030319644138217	0.198156865313649
722	36.1	-0.00174229242838919	0.196867193328217
723	36.15	-0.00174229242838919	0.195577521342784
724	36.2	-0.00174229242838919	0.194287849357352
725	36.25	-0.00174229242838919	0.194287849357352
726	36.3	-0.00174229242838919	0.192998177371919
727	36.35	-0.00174229242838919	0.191708505386487
728	36.4	-0.00174229242838919	0.190418833401054
729	36.45	-0.00174229242838919	0.189129161415622
730	36.5	-0.00174229242838919	0.189129161415622
731	36.55	-0.00174229242838919	0.187839489430189
732	36.6	-0.00174229242838919	0.186549817444757
733	36.65	-0.00174229242838919	0.186549817444757
734	36.7	-0.00174229242838919	0.185260145459324
735	36.75	-0.00174229242838919	0.183970473473892
736	36.8	-0.00174229242838919	0.182680801488459
737	36.85	-0.00174229242838919	0.181391129503027
738	36.9	-0.00174229242838919	0.181391129503027
739	36.95	-0.00174229242838919	0.180101457517594
740	37	-0.00174229242838919	0.180101457517594
741	37.05	-0.00174229242838919	0.178811785532162
742	37.1	-0.0030319644138217	0.177522113546729
743	37.15	-0.0030319644138217	0.177522113546729
744	37.2	-0.0030319644138217	0.174942769575864
745	37.25	-0.0030319644138217	0.174942769575864
746	37.3	-0.0030319644138217	0.173653097590432
747	37.35	-0.0043216363992542	0.173653097590432
748	37.4	-0.0043216363992542	0.172363425604999
749	37.45	-0.0030319644138217	0.171073753619567
750	37.5	-0.0043216363992542	0.171073753619567
751	37.55	-0.00561130838468671	0.169784081634134
752	37.6	-0.00561130838468671	0.167204737663269
753	37.65	-0.00690098037011921	0.167204737663269
754	37.7	-0.00690098037011921	0.167204737663269
755	37.75	-0.00690098037011921	0.165915065677837
756	37.8	-0.00819065235555172	0.164625393692404
757	37.85	-0.00819065235555172	0.163335721706972
758	37.9	-0.00819065235555172	0.163335721706972
759	37.95	-0.00819065235555172	0.160756377736107
760	38	-0.00948032434098423	0.160756377736107
761	38.05	-0.00948032434098423	0.159466705750674
762	38.1	-0.00948032434098423	0.158177033765242
763	38.15	-0.0107699963264167	0.158177033765242
764	38.2	-0.0107699963264167	0.156887361779809
765	38.25	-0.00948032434098423	0.155597689794376
766	38.3	-0.0107699963264167	0.156887361779809
767	38.35	-0.0120596683118492	0.155597689794376
768	38.4	-0.0120596683118492	0.154308017808944
769	38.45	-0.0120596683118492	0.154308017808944
770	38.5	-0.0133493402972817	0.153018345823511
771	38.55	-0.0120596683118492	0.151728673838079
772	38.6	-0.0133493402972817	0.151728673838079
773	38.65	-0.0133493402972817	0.150439001852646
774	38.7	-0.0133493402972817	0.150439001852646
775	38.75	-0.0133493402972817	0.149149329867214
776	38.8	-0.0146390122827142	0.147859657881781
777	38.85	-0.0133493402972817	0.146569985896349
778	38.9	-0.0133493402972817	0.146569985896349
779	38.95	-0.0146390122827142	0.145280313910916
780	39	-0.0146390122827142	0.145280313910916
781	39.05	-0.0133493402972817	0.143990641925484
782	39.1	-0.0146390122827142	0.142700969940051
783	39.15	-0.0133493402972817	0.141411297954619
784	39.2	-0.0133493402972817	0.140121625969186
785	39.25	-0.0120596683118492	0.140121625969186
786	39.3	-0.0120596683118492	0.137542281998321
787	39.35	-0.0120596683118492	0.137542281998321
788	39.4	-0.0107699963264167	0.136252610012889
789	39.45	-0.0120596683118492	0.134962938027456
790	39.5	-0.0107699963264167	0.133673266042024
791	39.55	-0.0120596683118492	0.132383594056591
792	39.6	-0.0107699963264167	0.132383594056591
793	39.65	-0.00948032434098423	0.131093922071159
794	39.7	-0.00948032434098423	0.129804250085726
795	39.75	-0.00948032434098423	0.128514578100294
796	39.8	-0.00819065235555172	0.128514578100294
797	39.85	-0.00948032434098423	0.127224906114861
798	39.9	-0.00819065235555172	0.125935234129429
799	39.95	-0.00819065235555172	0.125935234129429
800	40	-0.00690098037011921	0.124645562143996
801	40.05	-0.00819065235555172	0.123355890158564
802	40.1	-0.00561130838468671	0.123355890158564
803	40.15	-0.00561130838468671	0.122066218173131
804	40.2	-0.00561130838468671	0.120776546187699
805	40.25	-0.00561130838468671	0.120776546187699
806	40.3	-0.00561130838468671	0.119486874202266
807	40.35	-0.0043216363992542	0.118197202216834
808	40.4	-0.0043216363992542	0.116907530231401
809	40.45	-0.0030319644138217	0.116907530231401
810	40.5	-0.0043216363992542	0.115617858245969
811	40.55	-0.0030319644138217	0.114328186260536
812	40.6	-0.0030319644138217	0.113038514275104
813	40.65	-0.0030319644138217	0.111748842289671
814	40.7	-0.0030319644138217	0.111748842289671
815	40.75	-0.0030319644138217	0.110459170304239
816	40.8	-0.0043216363992542	0.109169498318806
817	40.85	-0.0030319644138217	0.107879826333374
818	40.9	-0.0030319644138217	0.107879826333374
819	40.95	-0.0043216363992542	0.105300482362509
820	41	-0.00561130838468671	0.104010810377076
821	41.05	-0.00561130838468671	0.102721138391644
822	41.1	-0.00690098037011921	0.102721138391644
823	41.15	-0.00690098037011921	0.101431466406211
824	41.2	-0.00819065235555172	0.100141794420779
825	41.25	-0.00948032434098423	0.0988521224353462
826	41.3	-0.00948032434098423	0.0975624504499137
827	41.35	-0.0107699963264167	0.0962727784644812
828	41.4	-0.0120596683118492	0.0949831064790487
829	41.45	-0.0120596683118492	0.0936934344936162
830	41.5	-0.0133493402972817	0.0924037625081837
831	41.55	-0.0146390122827142	0.0924037625081837
832	41.6	-0.0159286842681468	0.0911140905227512
833	41.65	-0.0172183562535793	0.0898244185373187
834	41.7	-0.0185080282390118	0.0885347465518862
835	41.75	-0.0197977002244443	0.0872450745664537
836	41.8	-0.0197977002244443	0.0859554025810212
837	41.85	-0.0210873722098768	0.0859554025810212
838	41.9	-0.0223770441953093	0.0846657305955887
839	41.95	-0.0236667161807418	0.0833760586101562
840	42	-0.0236667161807418	0.0820863866247237
841	42.05	-0.0262460601516068	0.0807967146392912
842	42.1	-0.0262460601516068	0.0795070426538587
843	42.15	-0.0262460601516068	0.0795070426538587
844	42.2	-0.0288254041224718	0.0782173706684262
845	42.25	-0.0275357321370393	0.0769276986829937
846	42.3	-0.0288254041224718	0.0756380266975611
847	42.35	-0.0301150761079043	0.0756380266975611
848	42.4	-0.0275357321370393	0.0743483547121286
849	42.45	-0.0275357321370393	0.0730586827266961
850	42.5	-0.0301150761079043	0.0717690107412636
851	42.55	-0.0301150761079043	0.0704793387558311
852	42.6	-0.0288254041224718	0.0704793387558311
853	42.65	-0.0301150761079043	0.0691896667703986
854	42.7	-0.0288254041224718	0.0678999947849661
855	42.75	-0.0288254041224718	0.0666103227995336
856	42.8	-0.0275357321370393	0.0653206508141011
857	42.85	-0.0275357321370393	0.0653206508141011
858	42.9	-0.0288254041224718	0.0640309788286686
859	42.95	-0.0288254041224718	0.0627413068432361
860	43	-0.0275357321370393	0.0614516348578036
861	43.05	-0.0262460601516068	0.0614516348578036
862	43.1	-0.0262460601516068	0.0601619628723711
863	43.15	-0.0249563881661743	0.0588722908869386
864	43.2	-0.0236667161807418	0.0588722908869386
865	43.25	-0.0210873722098768	0.0575826189015061
866	43.3	-0.0210873722098768	0.0562929469160736
867	43.35	-0.0197977002244443	0.0550032749306411
868	43.4	-0.0172183562535793	0.0550032749306411
869	43.45	-0.0172183562535793	0.052423930959776
870	43.5	-0.0146390122827142	0.0511342589743435
871	43.55	-0.0146390122827142	0.0511342589743435
872	43.6	-0.0120596683118492	0.0485549150034785
873	43.65	-0.0120596683118492	0.047265243018046
874	43.7	-0.0107699963264167	0.047265243018046
875	43.75	-0.00948032434098423	0.0459755710326135
876	43.8	-0.00819065235555172	0.044685899047181
877	43.85	-0.00819065235555172	0.0433962270617485
878	43.9	-0.00690098037011921	0.042106555076316
879	43.95	-0.00561130838468671	0.0408168830908835
880	44	-0.00690098037011921	0.039527211105451
881	44.05	-0.00561130838468671	0.0382375391200185
882	44.1	-0.00561130838468671	0.036947867134586
883	44.15	-0.00561130838468671	0.0356581951491535
884	44.2	-0.00561130838468671	0.0356581951491535
885	44.25	-0.00690098037011921	0.034368523163721
886	44.3	-0.00819065235555172	0.0330788511782885
887	44.35	-0.00948032434098423	0.031789179192856
888	44.4	-0.0120596683118492	0.031789179192856
889	44.45	-0.0159286842681468	0.0304995072074234
890	44.5	-0.0172183562535793	0.0292098352219909
891	44.55	-0.0197977002244443	0.0279201632365584
892	44.6	-0.0236667161807418	0.0266304912511259
893	44.65	-0.0249563881661743	0.0253408192656934
894	44.7	-0.0288254041224718	0.0253408192656934
895	44.75	-0.0326944200787693	0.0227614752948284
896	44.8	-0.0378531080204993	0.0227614752948284
897	44.85	-0.0430117959622294	0.0214718033093959
898	44.9	-0.0455911399330944	0.0201821313239634
899	44.95	-0.0520394998602569	0.0201821313239634
900	45	-0.0584878597874194	0.0176027873530984
901	45.05	-0.064936219714582	0.0163131153676659
902	45.1	-0.0713845796417445	0.0163131153676659
903	45.15	-0.0791226115543395	0.0150234433822334
904	45.2	-0.0894399874377996	0.0137337713968009
905	45.25	-0.0933090033940971	0.0124440994113684
906	45.3	-0.0997573633212596	0.0111544274259359
907	45.35	-0.107495395233855	0.0111544274259359
908	45.4	-0.112654083175585	0.00986475544050336
909	45.45	-0.122971459059045	0.00857508345507085
910	45.5	-0.134578506927937	0.00857508345507085
911	45.55	-0.142316538840532	0.00599573948420584
912	45.6	-0.15650293068029	0.00599573948420584
913	45.65	-0.165530634578317	0.00470606749877334
914	45.7	-0.179717026418075	0.00212672352790833
915	45.75	-0.193903418257833	0.00212672352790833
916	45.8	-0.211958826053888	0.00083705154247582
917	45.85	-0.22872456186451	-0.000452620442956686
918	45.9	-0.235172921791673	-0.00174229242838919
919	45.95	-0.242910953704268	-0.0030319644138217
920	46	-0.258387017529458	-0.0043216363992542
921	46.05	-0.268704393412918	-0.00561130838468671
922	46.1	-0.281601113267243	-0.00690098037011921
923	46.15	-0.29062881716527	-0.00690098037011921
924	46.2	-0.303525537019596	-0.00948032434098423
925	46.25	-0.316422256873921	-0.00948032434098423
926	46.3	-0.324160288786516	-0.0107699963264167
927	46.35	-0.337057008640841	-0.0133493402972817
928	46.4	-0.347374384524301	-0.0146390122827142
929	46.45	-0.364140120334923	-0.0146390122827142
930	46.5	-0.373167824232951	-0.0159286842681468
931	46.55	-0.386064544087276	-0.0172183562535793
932	46.6	-0.400250935927033	-0.0185080282390118
933	46.65	-0.406699295854196	-0.0197977002244443
934	46.7	-0.420885687693954	-0.0197977002244443
935	46.75	-0.426044375635684	-0.0223770441953093
936	46.8	-0.428623719606549	-0.0223770441953093
937	46.85	-0.440230767475441	-0.0236667161807418
938	46.9	-0.438941095490009	-0.0249563881661743
939	46.95	-0.451837815344334	-0.0262460601516068
940	47	-0.451837815344334	-0.0275357321370393
941	47.05	-0.460865519242361	-0.0275357321370393
942	47.1	-0.463444863213226	-0.0288254041224718
943	47.15	-0.468603551154956	-0.0288254041224718
944	47.2	-0.475051911082119	-0.0301150761079043
945	47.25	-0.481500271009281	-0.0314047480933368
946	47.3	-0.489238302921876	-0.0314047480933368
947	47.35	-0.494396990863606	-0.0326944200787693
948	47.4	-0.496976334834471	-0.0339840920642018
949	47.45	-0.499555678805336	-0.0339840920642018
950	47.5	-0.498266006819904	-0.0352737640496343
951	47.55	-0.499555678805336	-0.0365634360350668
952	47.6	-0.491817646892741	-0.0378531080204993
953	47.65	-0.506004038732499	-0.0391427800059319
954	47.7	-0.499555678805336	-0.0391427800059319
955	47.75	-0.493107318878174	-0.0404324519913644
956	47.8	-0.477631255052984	-0.0417221239767969
957	47.85	-0.487948630936444	-0.0430117959622294
958	47.9	-0.484079614980146	-0.0430117959622294
959	47.95	-0.482789942994714	-0.0455911399330944
960	48	-0.471182895125821	-0.0468808119185269
961	48.05	-0.459575847256929	-0.0468808119185269
962	48.1	-0.445389455417171	-0.0481704839039594
963	48.15	-0.435072079533711	-0.0507498278748244
964	48.2	-0.427334047621116	-0.0507498278748244
965	48.25	-0.410568311810493	-0.0520394998602569
966	48.3	-0.409278639825061	-0.0546188438311219
967	48.35	-0.388643888058141	-0.0546188438311219
968	48.4	-0.379616184160113	-0.0559085158165544
969	48.45	-0.362850448349491	-0.0571981878019869
970	48.5	-0.352533072466031	-0.0584878597874194
971	48.55	-0.339636352611706	-0.0597775317728519
972	48.6	-0.328029304742813	-0.0610672037582844
973	48.65	-0.311263568932191	-0.0636465477291495
974	48.7	-0.30094619304873	-0.0636465477291495
975	48.75	-0.288049473194405	-0.064936219714582
976	48.8	-0.272573409369215	-0.0662258917000145
977	48.85	-0.262256033485755	-0.067515563685447
978	48.9	-0.248069641645998	-0.0688052356708795
979	48.95	-0.23904193774797	-0.070094907656312
980	49	-0.224855545908213	-0.0713845796417445
981	49.05	-0.211958826053888	-0.072674251627177
982	49.1	-0.200351778184995	-0.0739639236126095
983	49.15	-0.191324074286968	-0.075253595598042
984	49.2	-0.18229637038894	-0.0765432675834745
985	49.25	-0.170689322520047	-0.077832939568907
986	49.3	-0.159082274651155	-0.0791226115543395
987	49.35	-0.139737194869667	-0.080412283539772
988	49.4	-0.13586817891337	-0.080412283539772
989	49.45	-0.122971459059045	-0.0817019555252045
990	49.5	-0.111364411190152	-0.082991627510637
991	49.55	-0.0984676913358271	-0.0855709714815021
992	49.6	-0.0907296594232321	-0.0855709714815021
993	49.65	-0.082991627510637	-0.0868606434669346
994	49.7	-0.075253595598042	-0.0881503154523671
995	49.75	-0.0688052356708795	-0.0894399874377996
996	49.8	-0.062356875743717	-0.0907296594232321
997	49.85	-0.0584878597874194	-0.0920193314086646
998	49.9	-0.0507498278748244	-0.0933090033940971
999	49.95	-0.0455911399330944	-0.0933090033940971
1000	50	-0.0391427800059319	-0.0958883473649621
1001	50.05	-0.0352737640496343	-0.0971780193503946
1002	50.1	-0.0301150761079043	-0.0971780193503946
1003	50.15	-0.0262460601516068	-0.0984676913358271
1004	50.2	-0.0223770441953093	-0.0997573633212596
1005	50.25	-0.0172183562535793	-0.101047035306692
1006	50.3	-0.0133493402972817	-0.101047035306692
1007	50.35	-0.00948032434098423	-0.103626379277557
1008	50.4	-0.00690098037011921	-0.103626379277557
1009	50.45	-0.00561130838468671	-0.106205723248422
1010	50.5	-0.0043216363992542	-0.107495395233855
1011	50.55	-0.0043216363992542	-0.108785067219287
1012	50.6	-0.0030319644138217	-0.108785067219287
1013	50.65	-0.0030319644138217	-0.11007473920472
1014	50.7	-0.0030319644138217	-0.112654083175585
1015	50.75	-0.0030319644138217	-0.112654083175585
1016	50.8	-0.0030319644138217	-0.113943755161017
1017	50.85	-0.0043216363992542	-0.11523342714645
1018	50.9	-0.00561130838468671	-0.116523099131882
1019	50.95	-0.00561130838468671	-0.117812771117315
1020	51	-0.00690098037011921	-0.119102443102747
1021	51.05	-0.00819065235555172	-0.12039211508818
1022	51.1	-0.00948032434098423	-0.121681787073612
1023	51.15	-0.0107699963264167	-0.122971459059045
1024	51.2	-0.0107699963264167	-0.124261131044477
1025	51.25	-0.0133493402972817	-0.12555080302991
1026	51.3	-0.0146390122827142	-0.126840475015342
1027	51.35	-0.0159286842681468	-0.128130147000775
1028	51.4	-0.0159286842681468	-0.129419818986207
1029	51.45	-0.0172183562535793	-0.13070949097164
1030	51.5	-0.0185080282390118	-0.13070949097164
1031	51.55	-0.0185080282390118	-0.131999162957072
1032	51.6	-0.0197977002244443	-0.133288834942505
1033	51.65	-0.0197977002244443	-0.134578506927937
1034	51.7	-0.0210873722098768	-0.13586817891337
1035	51.75	-0.0210873722098768	-0.137157850898802
1036	51.8	-0.0223770441953093	-0.138447522884235
1037	51.85	-0.0210873722098768	-0.139737194869667
1038	51.9	-0.0223770441953093	-0.1410268668551
1039	51.95	-0.0223770441953093	-0.1410268668551
1040	52	-0.0223770441953093	-0.143606210825965
1041	52.05	-0.0223770441953093	-0.143606210825965
1042	52.1	-0.0223770441953093	-0.144895882811397
1043	52.15	-0.0223770441953093	-0.14618555479683
1044	52.2	-0.0210873722098768	-0.147475226782262
1045	52.25	-0.0210873722098768	-0.148764898767695
1046	52.3	-0.0197977002244443	-0.150054570753127
1047	52.35	-0.0197977002244443	-0.15134424273856
1048	52.4	-0.0185080282390118	-0.15134424273856
1049	52.45	-0.0172183562535793	-0.152633914723992
1050	52.5	-0.0159286842681468	-0.153923586709425
1051	52.55	-0.0159286842681468	-0.155213258694857
1052	52.6	-0.0146390122827142	-0.15650293068029
1053	52.65	-0.0133493402972817	-0.157792602665722
1054	52.7	-0.0133493402972817	-0.159082274651155
1055	52.75	-0.0120596683118492	-0.160371946636587
1056	52.8	-0.0120596683118492	-0.16166161862202
1057	52.85	-0.0107699963264167	-0.162951290607452
1058	52.9	-0.00948032434098423	-0.164240962592885
1059	52.95	-0.00948032434098423	-0.164240962592885
1060	53	-0.00819065235555172	-0.165530634578317
1061	53.05	-0.00819065235555172	-0.165530634578317
1062	53.1	-0.00690098037011921	-0.16682030656375
1063	53.15	-0.00561130838468671	-0.168109978549182
1064	53.2	-0.00561130838468671	-0.169399650534615
1065	53.25	-0.0043216363992542	-0.170689322520047
1066	53.3	-0.0043216363992542	-0.17197899450548
1067	53.35	-0.0043216363992542	-0.173268666490912
1068	53.4	-0.0030319644138217	-0.173268666490912
1069	53.45	-0.0030319644138217	-0.175848010461777
1070	53.5	-0.0030319644138217	-0.175848010461777
1071	53.55	-0.00174229242838919	-0.17713768244721
1072	53.6	-0.00174229242838919	-0.178427354432642
1073	53.65	-0.00174229242838919	-0.179717026418075
1074	53.7	-0.00174229242838919	-0.179717026418075
1075	53.75	-0.00174229242838919	-0.181006698403507
1076	53.8	-0.00174229242838919	-0.183586042374372
1077	53.85	-0.00174229242838919	-0.183586042374372
1078	53.9	-0.00174229242838919	-0.184875714359805
1079	53.95	-0.00174229242838919	-0.186165386345237
1080	54	-0.00174229242838919	-0.186165386345237
1081	54.05	-0.0030319644138217	-0.18745505833067
1082	54.1	-0.00174229242838919	-0.188744730316103
1083	54.15	-0.0030319644138217	-0.190034402301535
1084	54.2	-0.0030319644138217	-0.191324074286968
1085	54.25	-0.0043216363992542	-0.191324074286968
1086	54.3	-0.0030319644138217	-0.193903418257833
1087	54.35	-0.0043216363992542	-0.195193090243265
1088	54.4	-0.0043216363992542	-0.195193090243265
1089	54.45	-0.0043216363992542	-0.196482762228698
1090	54.5	-0.0043216363992542	-0.19777243421413
1091	54.55	-0.00561130838468671	-0.199062106199563
1092	54.6	-0.00561130838468671	-0.200351778184995
1093	54.65	-0.00561130838468671	-0.200351778184995
1094	54.7	-0.00690098037011921	-0.201641450170428
1095	54.75	-0.00690098037011921	-0.20293112215586
1096	54.8	-0.00690098037011921	-0.204220794141293
1097	54.85	-0.00690098037011921	-0.205510466126725
1098	54.9	-0.00690098037011921	-0.205510466126725
1099	54.95	-0.00690098037011921	-0.206800138112158
1100	55	-0.00690098037011921	-0.20808981009759
1101	55.05	-0.00690098037011921	-0.209379482083023
1102	55.1	-0.00690098037011921	-0.210669154068455
1103	55.15	-0.00819065235555172	-0.210669154068455
1104	55.2	-0.00819065235555172	-0.21324849803932
1105	55.25	-0.00690098037011921	-0.21324849803932
1106	55.3	-0.00819065235555172	-0.215827842010185
1107	55.35	-0.00819065235555172	-0.217117513995618
1108	55.4	-0.00819065235555172	-0.217117513995618
1109	55.45	-0.00690098037011921	-0.21840718598105
1110	55.5	-0.00819065235555172	-0.220986529951915
1111	55.55	-0.00690098037011921	-0.222276201937348
1112	55.6	-0.00690098037011921	-0.22356587392278
1113	55.65	-0.00561130838468671	-0.224855545908213
1114	55.7	-0.00690098037011921	-0.226145217893645
1115	55.75	-0.00561130838468671	-0.227434889879078
1116	55.8	-0.00561130838468671	-0.22872456186451
1117	55.85	-0.00561130838468671	-0.230014233849943
1118	55.9	-0.00561130838468671	-0.231303905835375
1119	55.95	-0.0043216363992542	-0.232593577820808
1120	56	-0.0043216363992542	-0.23388324980624
1121	56.05	-0.0043216363992542	-0.23388324980624
1122	56.1	-0.0043216363992542	-0.236462593777105
1123	56.15	-0.0030319644138217	-0.236462593777105
1124	56.2	-0.0030319644138217	-0.237752265762538
1125	56.25	-0.0030319644138217	-0.23904193774797
1126	56.3	-0.0030319644138217	-0.240331609733403
1127	56.35	-0.0030319644138217	-0.241621281718835
1128	56.4	-0.0030319644138217	-0.242910953704268
1129	56.45	-0.00174229242838919	-0.2442006256897
1130	56.5	-0.00174229242838919	-0.245490297675133
1131	56.55	-0.00174229242838919	-0.246779969660565
1132	56.6	-0.00174229242838919	-0.248069641645998
1133	56.65	-0.00174229242838919	-0.24935931363143
1134	56.7	-0.00174229242838919	-0.250648985616863
1135	56.75	-0.00174229242838919	-0.253228329587728
1136	56.8	-0.00174229242838919	-0.253228329587728
1137	56.85	-0.00174229242838919	-0.25451800157316
1138	56.9	-0.00174229242838919	-0.257097345544025
1139	56.95	-0.00174229242838919	-0.258387017529458
1140	57	-0.00174229242838919	-0.25967668951489
1141	57.05	-0.00174229242838919	-0.260966361500323
1142	57.1	-0.0030319644138217	-0.260966361500323
1143	57.15	-0.00174229242838919	-0.263545705471188
1144	57.2	-0.0030319644138217	-0.26483537745662
1145	57.25	-0.0030319644138217	-0.266125049442053
1146	57.3	-0.0030319644138217	-0.267414721427485
1147	57.35	-0.0030319644138217	-0.268704393412918
1148	57.4	-0.0030319644138217	-0.268704393412918
1149	57.45	-0.0043216363992542	-0.271283737383783
1150	57.5	-0.0043216363992542	-0.272573409369215
1151	57.55	-0.0043216363992542	-0.272573409369215
1152	57.6	-0.0043216363992542	-0.273863081354648
1153	57.65	-0.0043216363992542	-0.27515275334008
1154	57.7	-0.0043216363992542	-0.276442425325513
1155	57.75	-0.0043216363992542	-0.277732097310945
1156	57.8	-0.0043216363992542	-0.279021769296378
1157	57.85	-0.0043216363992542	-0.28031144128181
1158	57.9	-0.0043216363992542	-0.281601113267243
1159	57.95	-0.0043216363992542	-0.281601113267243
1160	58	-0.0043216363992542	-0.284180457238108
1161	58.05	-0.00561130838468671	-0.284180457238108
1162	58.1	-0.0043216363992542	-0.28547012922354
1163	58.15	-0.00561130838468671	-0.286759801208973
1164	58.2	-0.00561130838468671	-0.288049473194405
1165	58.25	-0.0043216363992542	-0.289339145179838
1166	58.3	-0.0043216363992542	-0.29062881716527
1167	58.35	-0.00561130838468671	-0.291918489150703
1168	58.4	-0.0043216363992542	-0.293208161136135
1169	58.45	-0.0043216363992542	-0.294497833121568
1170	58.5	-0.0043216363992542	-0.295787505107
1171	58.55	-0.0043216363992542	-0.297077177092433
1172	58.6	-0.0030319644138217	-0.298366849077865
1173	58.65	-0.0030319644138217	-0.299656521063298
1174	58.7	-0.0030319644138217	-0.302235865034163
1175	58.75	-0.0030319644138217	-0.302235865034163
1176	58.8	-0.0030319644138217	-0.303525537019596
1177	58.85	-0.00174229242838919	-0.304815209005028
1178	58.9	-0.0030319644138217	-0.307394552975893
1179	58.95	-0.0030319644138217	-0.307394552975893
1180	59	-0.00174229242838919	-0.308684224961326
1181	59.05	-0.00174229242838919	-0.309973896946758
1182	59.1	-0.00174229242838919	-0.311263568932191
1183	59.15	-0.00174229242838919	-0.312553240917623
1184	59.2	-0.00174229242838919	-0.313842912903056
1185	59.25	-0.00174229242838919	-0.316422256873921
1186	59.3	-0.000452620442956686	-0.316422256873921
1187	59.35	-0.00174229242838919	-0.317711928859353
1188	59.4	-0.000452620442956686	-0.319001600844786
1189	59.45	-0.000452620442956686	-0.320291272830218
1190	59.5	-0.00174229242838919	-0.321580944815651
1191	59.55	-0.00174229242838919	-0.321580944815651
1192	59.6	-0.000452620442956686	-0.322870616801083
1193	59.65	-0.00174229242838919	-0.324160288786516
1194	59.7	-0.000452620442956686	-0.325449960771948
1195	59.75	-0.000452620442956686	-0.326739632757381
1196	59.8	-0.00174229242838919	-0.328029304742813
1197	59.85	-0.000452620442956686	-0.328029304742813
1198	59.9	-0.00174229242838919	-0.329318976728246
1199	59.95	-0.00174229242838919	-0.331898320699111
1200	60	-0.00174229242838919	-0.331898320699111
1201	60.05	-0.00174229242838919	-0.334477664669976
1202	60.1	-0.00174229242838919	-0.334477664669976
1203	60.15	-0.00174229242838919	-0.335767336655408
1204	60.2	-0.00174229242838919	-0.337057008640841
1205	60.25	-0.00174229242838919	-0.338346680626273
1206	60.3	-0.00174229242838919	-0.338346680626273
1207	60.35	-0.00174229242838919	-0.339636352611706
1208	60.4	-0.00174229242838919	-0.340926024597138
1209	60.45	-0.00174229242838919	-0.343505368568003
1210	60.5	-0.0030319644138217	-0.344795040553436
1211	60.55	-0.0030319644138217	-0.344795040553436
1212	60.6	-0.0030319644138217	-0.347374384524301
1213	60.65	-0.0030319644138217	-0.348664056509733
1214	60.7	-0.0030319644138217	-0.349953728495166
1215	60.75	-0.0030319644138217	-0.351243400480598
1216	60.8	-0.0030319644138217	-0.352533072466031
1217	60.85	-0.0043216363992542	-0.353822744451463
1218	60.9	-0.0030319644138217	-0.355112416436896
1219	60.95	-0.0043216363992542	-0.356402088422328
1220	61	-0.0030319644138217	-0.358981432393193
1221	61.05	-0.0030319644138217	-0.358981432393193
1222	61.1	-0.00174229242838919	-0.360271104378626
1223	61.15	-0.0030319644138217	-0.361560776364058
1224	61.2	-0.0030319644138217	-0.361560776364058
1225	61.25	-0.0030319644138217	-0.362850448349491
1226	61.3	-0.0030319644138217	-0.365429792320356
1227	61.35	-0.0030319644138217	-0.365429792320356
1228	61.4	-0.0030319644138217	-0.366719464305788
1229	61.45	-0.0030319644138217	-0.368009136291221
1230	61.5	-0.0030319644138217	-0.368009136291221
1231	61.55	-0.0030319644138217	-0.369298808276653
1232	61.6	-0.00174229242838919	-0.370588480262086
1233	61.65	-0.0030319644138217	-0.370588480262086
1234	61.7	-0.0030319644138217	-0.371878152247518
1235	61.75	-0.00174229242838919	-0.371878152247518
1236	61.8	-0.00174229242838919	-0.373167824232951
1237	61.85	-0.00174229242838919	-0.373167824232951
1238	61.9	-0.0030319644138217	-0.375747168203816
1239	61.95	-0.00174229242838919	-0.375747168203816
1240	62	-0.00174229242838919	-0.378326512174681
1241	62.05	-0.00174229242838919	-0.378326512174681
1242	62.1	-0.00174229242838919	-0.379616184160113
1243	62.15	-0.00174229242838919	-0.380905856145546
1244	62.2	-0.00174229242838919	-0.382195528130978
1245	62.25	-0.00174229242838919	-0.382195528130978
1246	62.3	-0.00174229242838919	-0.383485200116411
1247	62.35	-0.00174229242838919	-0.384774872101843
1248	62.4	-0.00174229242838919	-0.386064544087276
1249	62.45	-0.00174229242838919	-0.387354216072708
1250	62.5	-0.00174229242838919	-0.388643888058141
1251	62.55	-0.00174229242838919	-0.389933560043573
1252	62.6	-0.000452620442956686	-0.389933560043573
1253	62.65	-0.000452620442956686	-0.392512904014438
1254	62.7	-0.00174229242838919	-0.393802575999871
1255	62.75	-0.00174229242838919	-0.393802575999871
1256	62.8	-0.00174229242838919	-0.396381919970736
1257	62.85	-0.00174229242838919	-0.397671591956168
1258	62.9	-0.00174229242838919	-0.398961263941601
1259	62.95	-0.00174229242838919	-0.400250935927033
1260	63	-0.00174229242838919	-0.401540607912466
1261	63.05	-0.00174229242838919	-0.404119951883331
1262	63.1	-0.00174229242838919	-0.405409623868763
1263	63.15	-0.00174229242838919	-0.406699295854196
1264	63.2	-0.00174229242838919	-0.407988967839628
1265	63.25	-0.0030319644138217	-0.409278639825061
1266	63.3	-0.0030319644138217	-0.411857983795926
1267	63.35	-0.00174229242838919	-0.411857983795926
1268	63.4	-0.00174229242838919	-0.414437327766791
1269	63.45	-0.00174229242838919	-0.415726999752223
1270	63.5	-0.0030319644138217	-0.417016671737656
1271	63.55	-0.0030319644138217	-0.418306343723089
1272	63.6	-0.0030319644138217	-0.419596015708521
1273	63.65	-0.00174229242838919	-0.420885687693954
1274	63.7	-0.0030319644138217	-0.422175359679386
1275	63.75	-0.00174229242838919	-0.423465031664819
1276	63.8	-0.0030319644138217	-0.424754703650251
1277	63.85	-0.00174229242838919	-0.426044375635684
1278	63.9	-0.0030319644138217	-0.427334047621116
1279	63.95	-0.00174229242838919	-0.428623719606549
1280	64	-0.0030319644138217	-0.429913391591981
1281	64.05	-0.0030319644138217	-0.431203063577414
1282	64.1	-0.0030319644138217	-0.432492735562846
1283	64.15	-0.0030319644138217	-0.433782407548279
1284	64.2	-0.00174229242838919	-0.435072079533711
1285	64.25	-0.0030319644138217	-0.436361751519144
1286	64.3	-0.00174229242838919	-0.437651423504576
1287	64.35	-0.0030319644138217	-0.438941095490009
1288	64.4	-0.00174229242838919	-0.438941095490009
1289	64.45	-0.00174229242838919	-0.440230767475441
1290	64.5	-0.00174229242838919	-0.442810111446306
1291	64.55	-0.00174229242838919	-0.444099783431739
1292	64.6	-0.00174229242838919	-0.445389455417171
1293	64.65	-0.00174229242838919	-0.446679127402604
1294	64.7	-0.00174229242838919	-0.447968799388036
1295	64.75	-0.00174229242838919	-0.449258471373469
1296	64.8	-0.000452620442956686	-0.450548143358901
1297	64.85	-0.00174229242838919	-0.451837815344334
1298	64.9	-0.000452620442956686	-0.453127487329766
1299	64.95	-0.00174229242838919	-0.455706831300631
1300	65	-0.000452620442956686	-0.455706831300631
1301	65.05	-0.00174229242838919	-0.458286175271496
1302	65.1	-0.00174229242838919	-0.459575847256929
1303	65.15	-0.00174229242838919	-0.459575847256929
1304	65.2	-0.000452620442956686	-0.460865519242361
1305	65.25	-0.000452620442956686	-0.462155191227794
1306	65.3	-0.000452620442956686	-0.463444863213226
1307	65.35	-0.000452620442956686	-0.464734535198659
1308	65.4	-0.000452620442956686	-0.466024207184091
1309	65.45	-0.000452620442956686	-0.467313879169524
1310	65.5	-0.000452620442956686	-0.468603551154956
1311	65.55	-0.000452620442956686	-0.469893223140389
1312	65.6	-0.00174229242838919	-0.471182895125821
1313	65.65	-0.00174229242838919	-0.472472567111254
1314	65.7	-0.000452620442956686	-0.472472567111254
1315	65.75	-0.00174229242838919	-0.475051911082119
1316	65.8	-0.00174229242838919	-0.476341583067551
1317	65.85	-0.00174229242838919	-0.476341583067551
1318	65.9	-0.00174229242838919	-0.478920927038416
1319	65.95	-0.00174229242838919	-0.478920927038416
1320	66	-0.00174229242838919	-0.480210599023849
1321	66.05	-0.00174229242838919	-0.481500271009281
1322	66.1	-0.00174229242838919	-0.482789942994714
1323	66.15	-0.00174229242838919	-0.484079614980146
1324	66.2	-0.00174229242838919	-0.484079614980146
1325	66.25	-0.00174229242838919	-0.486658958951011
1326	66.3	-0.00174229242838919	-0.487948630936444
1327	66.35	-0.00174229242838919	-0.487948630936444
1328	66.4	-0.00174229242838919	-0.489238302921876
1329	66.45	-0.0030319644138217	-0.490527974907309
1330	66.5	-0.00174229242838919	-0.491817646892741
1331	66.55	-0.00174229242838919	-0.494396990863606
1332	66.6	-0.00174229242838919	-0.494396990863606
1333	66.65	-0.0030319644138217	-0.495686662849039
1334	66.7	-0.0030319644138217	-0.496976334834471
1335	66.75	-0.00174229242838919	-0.499555678805336
1336	66.8	-0.0030319644138217	-0.499555678805336
1337	66.85	-0.00174229242838919	-0.500845350790769
1338	66.9	-0.0030319644138217	-0.502135022776201
1339	66.95	-0.00174229242838919	-0.503424694761634
1340	67	-0.00174229242838919	-0.504714366747066
1341	67.05	-0.00174229242838919	-0.506004038732499
1342	67.1	-0.00174229242838919	-0.507293710717931
1343	67.15	-0.00174229242838919	-0.507293710717931
1344	67.2	-0.00174229242838919	-0.508583382703364
1345	67.25	-0.00174229242838919	-0.509873054688796
1346	67.3	-0.00174229242838919	-0.511162726674229
1347	67.35	-0.00174229242838919	-0.512452398659661
1348	67.4	-0.00174229242838919	-0.512452398659661
1349	67.45	-0.00174229242838919	-0.513742070645094
1350	67.5	-0.00174229242838919	-0.515031742630526
1351	67.55	-0.00174229242838919	-0.516321414615959
1352	67.6	-0.00174229242838919	-0.517611086601391
1353	67.65	-0.00174229242838919	-0.518900758586824
1354	67.7	-0.00174229242838919	-0.520190430572256
1355	67.75	-0.00174229242838919	-0.521480102557689
1356	67.8	-0.000452620442956686	-0.522769774543121
1357	67.85	-0.00174229242838919	-0.524059446528554
1358	67.9	-0.00174229242838919	-0.525349118513986
1359	67.95	-0.00174229242838919	-0.526638790499419
1360	68	-0.000452620442956686	-0.527928462484851
1361	68.05	-0.000452620442956686	-0.529218134470284
1362	68.1	-0.00174229242838919	-0.530507806455716
1363	68.15	-0.000452620442956686	-0.531797478441149
1364	68.2	-0.000452620442956686	-0.533087150426582
1365	68.25	-0.00174229242838919	-0.534376822412014
1366	68.3	-0.00174229242838919	-0.535666494397447
1367	68.35	-0.00174229242838919	-0.536956166382879
1368	68.4	-0.00174229242838919	-0.538245838368312
1369	68.45	-0.000452620442956686	-0.539535510353744
1370	68.5	-0.00174229242838919	-0.540825182339177
1371	68.55	-0.00174229242838919	-0.543404526310042
1372	68.6	-0.00174229242838919	-0.543404526310042
1373	68.65	-0.00174229242838919	-0.544694198295474
1374	68.7	-0.00174229242838919	-0.547273542266339
1375	68.75	-0.00174229242838919	-0.547273542266339
1376	68.8	-0.00174229242838919	-0.548563214251772
1377	68.85	-0.00174229242838919	-0.549852886237204
1378	68.9	-0.00174229242838919	-0.551142558222637
1379	68.95	-0.00174229242838919	-0.553721902193502
1380	69	-0.00174229242838919	-0.553721902193502
1381	69.05	-0.00174229242838919	-0.556301246164367
1382	69.1	-0.00174229242838919	-0.556301246164367
1383	69.15	-0.00174229242838919	-0.557590918149799
1384	69.2	-0.00174229242838919	-0.558880590135232
1385	69.25	-0.00174229242838919	-0.558880590135232
1386	69.3	-0.00174229242838919	-0.560170262120664
1387	69.35	-0.00174229242838919	-0.561459934106097
1388	69.4	-0.00174229242838919	-0.561459934106097
1389	69.45	-0.00174229242838919	-0.562749606091529
1390	69.5	-0.00174229242838919	-0.564039278076962
1391	69.55	-0.00174229242838919	-0.565328950062394
1392	69.6	-0.00174229242838919	-0.565328950062394
1393	69.65	-0.00174229242838919	-0.566618622047827
1394	69.7	-0.0030319644138217	-0.569197966018692
1395	69.75	-0.000452620442956686	-0.570487638004124
1396	69.8	-0.00174229242838919	-0.570487638004124
1397	69.85	-0.00174229242838919	-0.571777309989557
1398	69.9	-0.00174229242838919	-0.573066981974989
1399	69.95	-0.00174229242838919	-0.574356653960422
1400	70	-0.000452620442956686	-0.575646325945854
1401	70.05	-0.00174229242838919	-0.576935997931287
1402	70.1	-0.00174229242838919	-0.579515341902152
1403	70.15	-0.00174229242838919	-0.580805013887584
1404	70.2	-0.00174229242838919	-0.580805013887584
1405	70.25	-0.000452620442956686	-0.582094685873017
1406	70.3	-0.00174229242838919	-0.584674029843882
1407	70.35	-0.000452620442956686	-0.585963701829314
1408	70.4	-0.00174229242838919	-0.587253373814747
1409	70.45	-0.000452620442956686	-0.588543045800179
1410	70.5	-0.000452620442956686	-0.589832717785612
1411	70.55	-0.000452620442956686	-0.592412061756477
1412	70.6	-0.000452620442956686	-0.593701733741909
1413	70.65	-0.000452620442956686	-0.594991405727342
1414	70.7	-0.000452620442956686	-0.596281077712774
1415	70.75	-0.000452620442956686	-0.598860421683639
1416	70.8	-0.000452620442956686	-0.600150093669072
1417	70.85	-0.000452620442956686	-0.601439765654504
1418	70.9	-0.000452620442956686	-0.602729437639937
1419	70.95	-0.00174229242838919	-0.604019109625369
1420	71	-0.000452620442956686	-0.605308781610802
1421	71.05	-0.00174229242838919	-0.607888125581667
1422	71.1	-0.000452620442956686	-0.609177797567099
1423	71.15	-0.00174229242838919	-0.610467469552532
1424	71.2	-0.00174229242838919	-0.611757141537964
1425	71.25	-0.00174229242838919	-0.613046813523397
1426	71.3	-0.00174229242838919	-0.614336485508829
1427	71.35	-0.00174229242838919	-0.616915829479694
1428	71.4	-0.000452620442956686	-0.618205501465127
1429	71.45	-0.00174229242838919	-0.619495173450559
1430	71.5	-0.00174229242838919	-0.620784845435992
1431	71.55	-0.00174229242838919	-0.622074517421424
1432	71.6	-0.00174229242838919	-0.623364189406857
1433	71.65	-0.00174229242838919	-0.624653861392289
1434	71.7	-0.00174229242838919	-0.625943533377722
1435	71.75	-0.00174229242838919	-0.627233205363154
1436	71.8	-0.00174229242838919	-0.628522877348587
1437	71.85	-0.00174229242838919	-0.629812549334019
1438	71.9	-0.00174229242838919	-0.631102221319452
1439	71.95	-0.00174229242838919	-0.632391893304884
1440	72	-0.00174229242838919	-0.632391893304884
1441	72.05	-0.00174229242838919	-0.633681565290317
1442	72.1	-0.00174229242838919	-0.634971237275749
1443	72.15	-0.00174229242838919	-0.636260909261182
1444	72.2	-0.00174229242838919	-0.638840253232047
1445	72.25	-0.00174229242838919	-0.640129925217479
1446	72.3	-0.00174229242838919	-0.641419597202912
1447	72.35	-0.00174229242838919	-0.643998941173777
1448	72.4	-0.00174229242838919	-0.645288613159209
1449	72.45	-0.000452620442956686	-0.646578285144642
1450	72.5	-0.00174229242838919	-0.647867957130075
1451	72.55	-0.00174229242838919	-0.649157629115507
1452	72.6	-0.00174229242838919	-0.653026645071805
1453	72.65	-0.00174229242838919	-0.654316317057237
1454	72.7	-0.00174229242838919	-0.65560598904267
1455	72.75	-0.000452620442956686	-0.658185333013535
1456	72.8	-0.000452620442956686	-0.659475004998967
1457	72.85	-0.000452620442956686	-0.662054348969832
1458	72.9	-0.00174229242838919	-0.664633692940697
1459	72.95	-0.000452620442956686	-0.664633692940697
1460	73	-0.000452620442956686	-0.66592336492613
1461	73.05	-0.000452620442956686	-0.667213036911562
1462	73.1	-0.00174229242838919	-0.669792380882427
1463	73.15	-0.000452620442956686	-0.672371724853292
1464	73.2	-0.00174229242838919	-0.672371724853292
1465	73.25	-0.00174229242838919	-0.674951068824157
1466	73.3	-0.00174229242838919	-0.67624074080959
1467	73.35	-0.000452620442956686	-0.677530412795022
1468	73.4	-0.00174229242838919	-0.678820084780455
1469	73.45	-0.000452620442956686	-0.680109756765887
1470	73.5	-0.00174229242838919	-0.68139942875132
1471	73.55	-0.000452620442956686	-0.68139942875132
1472	73.6	-0.000452620442956686	-0.682689100736752
1473	73.65	-0.000452620442956686	-0.683978772722185
1474	73.7	-0.00174229242838919	-0.68655811669305
1475	73.75	-0.000452620442956686	-0.685268444707617
1476	73.8	-0.000452620442956686	-0.68655811669305
1477	73.85	-0.00174229242838919	-0.687847788678482
1478	73.9	-0.00174229242838919	-0.689137460663915
1479	73.95	-0.00174229242838919	-0.690427132649347
1480	74	-0.00174229242838919	-0.69171680463478
1481	74.05	-0.000452620442956686	-0.693006476620212
1482	74.1	-0.00174229242838919	-0.694296148605645
1483	74.15	-0.00174229242838919	-0.695585820591077
1484	74.2	-0.00174229242838919	-0.69687549257651
1485	74.25	-0.00174229242838919	-0.699454836547375
1486	74.3	-0.00174229242838919	-0.700744508532807
1487	74.35	-0.00174229242838919	-0.70203418051824
1488	74.4	-0.00174229242838919	-0.703323852503672
1489	74.45	-0.00174229242838919	-0.704613524489105
1490	74.5	-0.00174229242838919	-0.705903196474537
1491	74.55	-0.000452620442956686	-0.70719286845997
1492	74.6	-0.00174229242838919	-0.708482540445402
1493	74.65	-0.00174229242838919	-0.709772212430835
1494	74.7	-0.000452620442956686	-0.711061884416267
1495	74.75	-0.00174229242838919	-0.711061884416267
1496	74.8	-0.00174229242838919	-0.7123515564017
1497	74.85	-0.00174229242838919	-0.713641228387132
1498	74.9	-0.00174229242838919	-0.714930900372565
1499	74.95	-0.00174229242838919	-0.716220572357997
1500	75	-0.00174229242838919	-0.716220572357997
1501	75.05	-0.00174229242838919	-0.71751024434343
1502	75.1	-0.00174229242838919	-0.718799916328862
1503	75.15	-0.00174229242838919	-0.718799916328862
1504	75.2	-0.000452620442956686	-0.720089588314295
1505	75.25	-0.000452620442956686	-0.72266893228516
1506	75.3	-0.000452620442956686	-0.72266893228516
1507	75.35	-0.00174229242838919	-0.723958604270592
1508	75.4	-0.000452620442956686	-0.725248276256025
1509	75.45	-0.000452620442956686	-0.726537948241457
1510	75.5	-0.000452620442956686	-0.72782762022689
1511	75.55	-0.000452620442956686	-0.730406964197755
1512	75.6	-0.000452620442956686	-0.730406964197755
1513	75.65	-0.000452620442956686	-0.73298630816862
1514	75.7	-0.00174229242838919	-0.73298630816862
1515	75.75	-0.00174229242838919	-0.735565652139485
1516	75.8	-0.00174229242838919	-0.736855324124917
1517	75.85	-0.00174229242838919	-0.73814499611035
1518	75.9	-0.000452620442956686	-0.739434668095782
1519	75.95	-0.000452620442956686	-0.740724340081215
1520	76	-0.00174229242838919	-0.742014012066647
1521	76.05	-0.000452620442956686	-0.744593356037512
1522	76.1	-0.00174229242838919	-0.745883028022945
1523	76.15	-0.00174229242838919	-0.747172700008377
1524	76.2	-0.000452620442956686	-0.74846237199381
1525	76.25	-0.00174229242838919	-0.74846237199381
1526	76.3	-0.00174229242838919	-0.751041715964675
1527	76.35	-0.00174229242838919	-0.752331387950107
1528	76.4	-0.00174229242838919	-0.75362105993554
1529	76.45	-0.00174229242838919	-0.754910731920972
1530	76.5	-0.000452620442956686	-0.756200403906405
1531	76.55	-0.00174229242838919	-0.757490075891837
1532	76.6	-0.00174229242838919	-0.75877974787727
1533	76.65	-0.00174229242838919	-0.760069419862702
1534	76.7	-0.00174229242838919	-0.761359091848135
1535	76.75	-0.000452620442956686	-0.763938435819
1536	76.8	-0.00174229242838919	-0.763938435819
1537	76.85	-0.00174229242838919	-0.765228107804433
1538	76.9	-0.00174229242838919	-0.766517779789865
1539	76.95	-0.00174229242838919	-0.767807451775298
1540	77	-0.00174229242838919	-0.76909712376073
1541	77.05	-0.000452620442956686	-0.770386795746163
1542	77.1	-0.00174229242838919	-0.771676467731595
1543	77.15	-0.00174229242838919	-0.772966139717028
1544	77.2	-0.00174229242838919	-0.77425581170246
1545	77.25	-0.00174229242838919	-0.775545483687893
1546	77.3	-0.00174229242838919	-0.776835155673325
1547	77.35	-0.00174229242838919	-0.778124827658758
1548	77.4	-0.00174229242838919	-0.77941449964419
1549	77.45	-0.00174229242838919	-0.780704171629623
1550	77.5	-0.00174229242838919	-0.781993843615055
1551	77.55	-0.00174229242838919	-0.783283515600488
1552	77.6	-0.00174229242838919	-0.78457318758592
1553	77.65	-0.00174229242838919	-0.785862859571353
1554	77.7	-0.000452620442956686	-0.788442203542218
1555	77.75	-0.00174229242838919	-0.788442203542218
1556	77.8	-0.000452620442956686	-0.78973187552765
1557	77.85	-0.000452620442956686	-0.792311219498515
1558	77.9	-0.00174229242838919	-0.793600891483948
1559	77.95	-0.00174229242838919	-0.793600891483948
1560	78	-0.000452620442956686	-0.796180235454813
1561	78.05	-0.000452620442956686	-0.797469907440245
1562	78.1	-0.00174229242838919	-0.798759579425678
1563	78.15	-0.00174229242838919	-0.80004925141111
1564	78.2	-0.000452620442956686	-0.802628595381975
1565	78.25	-0.000452620442956686	-0.802628595381975
1566	78.3	-0.00174229242838919	-0.803918267367408
1567	78.35	-0.000452620442956686	-0.806497611338273
1568	78.4	-0.000452620442956686	-0.807787283323705
1569	78.45	-0.000452620442956686	-0.809076955309138
1570	78.5	-0.00174229242838919	-0.81036662729457
1571	78.55	-0.000452620442956686	-0.811656299280003
1572	78.6	-0.00174229242838919	-0.812945971265435
1573	78.65	-0.00174229242838919	-0.814235643250868
1574	78.7	-0.000452620442956686	-0.8155253152363
1575	78.75	-0.000452620442956686	-0.816814987221733
1576	78.8	-0.000452620442956686	-0.818104659207165
1577	78.85	-0.000452620442956686	-0.819394331192598
1578	78.9	-0.000452620442956686	-0.82068400317803
1579	78.95	-0.00174229242838919	-0.821973675163463
1580	79	-0.000452620442956686	-0.823263347148895
1581	79.05	-0.00174229242838919	-0.824553019134328
1582	79.1	-0.00174229242838919	-0.82584269111976
1583	79.15	-0.00174229242838919	-0.827132363105193
1584	79.2	-0.000452620442956686	-0.829711707076058
1585	79.25	-0.00174229242838919	-0.829711707076058
1586	79.3	-0.000452620442956686	-0.832291051046923
1587	79.35	-0.000452620442956686	-0.833580723032355
1588	79.4	-0.000452620442956686	-0.834870395017788
1589	79.45	-0.00174229242838919	-0.83616006700322
1590	79.5	-0.00174229242838919	-0.837449738988653
1591	79.55	-0.000452620442956686	-0.838739410974085
1592	79.6	-0.00174229242838919	-0.84131875494495
1593	79.65	-0.00174229242838919	-0.842608426930383
1594	79.7	-0.00174229242838919	-0.843898098915815
1595	79.75	-0.00174229242838919	-0.845187770901248
1596	79.8	-0.000452620442956686	-0.84647744288668
1597	79.85	-0.000452620442956686	-0.849056786857545
1598	79.9	-0.00174229242838919	-0.850346458842978
1599	79.95	-0.00174229242838919	-0.85163613082841
1600	80	-0.00174229242838919	-0.85163613082841
1601	80.05	-0.00174229242838919	-0.854215474799275
1602	80.1	-0.00174229242838919	-0.855505146784708
1603	80.15	-0.00174229242838919	-0.85679481877014
1604	80.2	-0.00174229242838919	-0.858084490755573
1605	80.25	-0.00174229242838919	-0.859374162741005
1606	80.3	-0.00174229242838919	-0.860663834726438
1607	80.35	-0.00174229242838919	-0.86195350671187
1608	80.4	-0.00174229242838919	-0.863243178697303
1609	80.45	-0.000452620442956686	-0.863243178697303
1610	80.5	-0.00174229242838919	-0.865822522668168
1611	80.55	-0.000452620442956686	-0.8671121946536
1612	80.6	-0.00174229242838919	-0.868401866639033
1613	80.65	-0.00174229242838919	-0.869691538624465
1614	80.7	-0.000452620442956686	-0.870981210609898
1615	80.75	-0.00174229242838919	-0.870981210609898
1616	80.8	-0.00174229242838919	-0.87227088259533
1617	80.85	-0.000452620442956686	-0.873560554580763
1618	80.9	-0.00174229242838919	-0.874850226566195
1619	80.95	-0.00174229242838919	-0.874850226566195
1620	81	-0.00174229242838919	-0.87742957053706
1621	81.05	-0.000452620442956686	-0.878719242522493
1622	81.1	-0.00174229242838919	-0.878719242522493
1623	81.15	-0.000452620442956686	-0.880008914507926
1624	81.2	-0.00174229242838919	-0.881298586493358
1625	81.25	-0.00174229242838919	-0.882588258478791
1626	81.3	-0.000452620442956686	-0.883877930464223
1627	81.35	-0.00174229242838919	-0.885167602449656
1628	81.4	-0.000452620442956686	-0.886457274435088
1629	81.45	-0.00174229242838919	-0.887746946420521
1630	81.5	-0.000452620442956686	-0.887746946420521
1631	81.55	-0.00174229242838919	-0.889036618405953
1632	81.6	-0.000452620442956686	-0.890326290391386
1633	81.65	-0.00174229242838919	-0.890326290391386
1634	81.7	-0.00174229242838919	-0.890326290391386
1635	81.75	-0.000452620442956686	-0.891615962376818
1636	81.8	-0.00174229242838919	-0.891615962376818
1637	81.85	-0.000452620442956686	-0.892905634362251
1638	81.9	-0.00174229242838919	-0.892905634362251
1639	81.95	-0.000452620442956686	-0.892905634362251
1640	82	-0.000452620442956686	-0.892905634362251
1641	82.05	-0.000452620442956686	-0.894195306347683
1642	82.1	-0.00174229242838919	-0.894195306347683
1643	82.15	-0.000452620442956686	-0.894195306347683
1644	82.2	-0.00174229242838919	-0.894195306347683
1645	82.25	-0.000452620442956686	-0.894195306347683
1646	82.3	-0.000452620442956686	-0.895484978333116
1647	82.35	-0.000452620442956686	-0.895484978333116
1648	82.4	-0.000452620442956686	-0.895484978333116
1649	82.45	-0.00174229242838919	-0.895484978333116
1650	82.5	-0.00174229242838919	-0.895484978333116
1651	82.55	-0.00174229242838919	-0.895484978333116
1652	82.6	-0.000452620442956686	-0.896774650318548
1653	82.65	-0.000452620442956686	-0.895484978333116
1654	82.7	-0.000452620442956686	-0.896774650318548
1655	82.75	-0.000452620442956686	-0.896774650318548
1656	82.8	-0.000452620442956686	-0.896774650318548
1657	82.85	-0.000452620442956686	-0.896774650318548
1658	82.9	-0.000452620442956686	-0.895484978333116
1659	82.95	-0.000452620442956686	-0.895484978333116
1660	83	-0.00174229242838919	-0.895484978333116
1661	83.05	-0.000452620442956686	-0.896774650318548
1662	83.1	-0.00174229242838919	-0.896774650318548
1663	83.15	-0.000452620442956686	-0.896774650318548
1664	83.2	-0.000452620442956686	-0.896774650318548
1665	83.25	-0.00174229242838919	-0.895484978333116
1666	83.3	-0.000452620442956686	-0.896774650318548
1667	83.35	-0.000452620442956686	-0.896774650318548
1668	83.4	-0.000452620442956686	-0.896774650318548
1669	83.45	-0.00174229242838919	-0.896774650318548
1670	83.5	-0.000452620442956686	-0.896774650318548
1671	83.55	-0.000452620442956686	-0.896774650318548
1672	83.6	-0.000452620442956686	-0.896774650318548
1673	83.65	-0.00174229242838919	-0.896774650318548
1674	83.7	-0.00174229242838919	-0.896774650318548
1675	83.75	-0.000452620442956686	-0.896774650318548
1676	83.8	-0.00174229242838919	-0.896774650318548
1677	83.85	-0.000452620442956686	-0.896774650318548
1678	83.9	-0.000452620442956686	-0.896774650318548
